1,2252,2161040,,0,0,1,8
1,2252,2161297,,0,0,1,8
1,2253,2162044,,0,0,1,7
1,2253,2162171,,0,0,1,8
1,2253,2162560,,0,0,1,8
1,2253,2162565,,0,0,1,8
1,2254,2163536,,0,0,1,8
1,2254,2163550,,0,0,1,8
1,2255,2164013,,0,0,1,8
1,2255,2164018,,0,0,1,8
1,2255,2164280,,0,0,1,8
1,2255,2164285,,0,0,1,8
1,2255,2164297,,0,0,1,8
1,2255,2164713,,0,0,1,8
1,2342,2247778,,0,0,1,8
1,2342,2247870,,0,0,1,8
1,2342,2247980,,0,0,1,8
1,2342,2248059,,0,0,1,8
1,2342,2248181,,0,0,1,8
1,2343,2249059,,0,0,1,8
1,2343,2249289,,0,0,1,8
1,2343,2249381,,0,0,1,8
1,2344,2249808,,0,0,1,8
1,2344,2249895,,0,0,1,8
1,2344,2250046,,0,0,1,8
1,2344,2250193,,0,0,1,8
1,2344,2250346,,0,0,1,8
1,2345,2250665,,0,0,1,8
1,2345,2250981,,0,0,1,8
1,2396,2299510,,0,0,1,8
1,2396,2299527,,0,0,1,8
1,2397,2300520,,0,0,1,8
1,2397,2300768,,0,0,1,8
1,2688,2580390,,0,0,1,8
1,2690,2581912,,0,0,1,8
1,2690,2582187,,0,0,1,8
1,14956,14357070,,0,0,1,8
1,14956,14357089,,0,0,1,8
1,14957,14358081,,0,0,1,8
1,14957,14358236,,0,0,1,8
1,14958,14359319,,0,0,1,8
1,14959,14360083,,0,0,1,8
1,14959,14360104,,0,0,1,8
1,14960,14360810,,0,0,1,8
1,14960,14361094,,0,0,1,8
1,14960,14361263,,0,0,1,8
1,14960,14361297,,0,0,1,8
1,14960,14361323,,0,0,1,8
1,15431,14813261,,0,0,1,8
1,15431,14813708,,0,0,1,8
1,15432,14814115,,0,0,1,8
1,15432,14814178,,0,0,1,8
1,15432,14814669,,0,0,1,8
1,15433,14815041,,0,0,1,8
1,15433,14815046,,0,0,1,8
1,15433,14815073,,0,2,0,4
1,15433,14815105,,0,0,1,8
1,15433,14815309,,0,0,1,8
1,15433,14815323,,0,0,1,8
1,15433,14815633,,0,0,1,8
1,15434,14815906,,0,0,1,8
1,15434,14815928,,0,0,1,8
1,15434,14816033,,0,0,1,8
1,15435,14817115,,0,0,1,8
1,15435,14817455,,0,0,1,8
1,51171,49123668,,0,0,1,7
1,13176,12648206,,0,0,1,8
1,13241,12710448,,0,0,1,8
1,13241,12710628,,0,0,1,7
1,13242,12711655,,0,0,1,8
1,13242,12711719,,0,0,1,8
1,13242,12712179,,0,0,1,8
1,13242,12712285,,0,0,1,8
1,13242,12712355,,0,0,1,7
1,13243,12713020,,0,0,1,8
1,13243,12713057,,0,0,1,8
1,13243,12713311,,0,0,1,8
1,13244,12713572,,0,0,1,8
1,13245,12714936,,0,0,1,8
1,13976,13416065,,0,0,1,8
1,13976,13416265,,0,0,1,8
1,13977,13417384,,0,0,1,8
1,13978,13418003,,0,0,1,8
1,13978,13418366,,0,0,1,8
1,13978,13418657,,0,0,1,8
1,13979,13419343,,0,0,1,8
1,13979,13419797,,0,0,1,8
1,13980,13420078,,0,0,1,8
1,13980,13420228,,0,0,1,8
1,15896,15259495,,0,0,1,8
1,15896,15259538,,0,0,1,8
1,15896,15259593,,0,0,1,8
1,15897,15260777,,0,0,1,8
1,15897,15261141,,0,0,1,8
1,15898,15261265,,0,0,1,8
1,15898,15261985,,0,0,1,8
1,21765,20893739,,0,0,1,8
1,22066,21182402,,0,0,1,8
1,22067,21183488,,0,0,1,8
1,22067,21183522,,0,0,1,8
1,22067,21183707,,0,0,1,8
1,22068,21184882,,0,2,0,4
1,22068,21184950,,0,0,1,8
1,22721,21812077,,0,0,1,8
1,22722,21812600,,0,0,1,8
1,22722,21813150,,0,0,1,7
1,49702,47713221,,0,0,1,8
1,49702,47713241,,0,0,1,8
1,49702,47713840,,0,0,1,8
1,50091,48086457,,0,0,1,8
1,50091,48087311,,0,0,1,8
1,50369,48353886,,0,0,1,8
1,50370,48354665,,0,0,1,7
1,50370,48354752,,0,0,1,8
1,50370,48354916,,0,0,1,8
1,36539,35076603,,0,0,1,8
1,36539,35076767,,0,0,1,8
1,36539,35077007,,0,0,1,8
1,36540,35077695,,0,0,1,8
1,36540,35077720,,0,0,1,8
1,36540,35077817,,0,0,1,8
1,36540,35078265,,0,0,1,8
1,50987,48946979,,0,0,1,8
1,50988,48947899,,0,0,1,8
1,50988,48948037,,0,0,1,8
1,50988,48948523,,0,0,1,8
1,50989,48948850,,0,0,1,8
1,50989,48949022,,0,0,1,8
1,50989,48949361,,0,0,1,8
1,50989,48949527,,0,0,1,8
1,50990,48949867,,0,0,1,8
1,50990,48949952,,0,0,1,8
1,50990,48950239,,0,0,1,8
1,51231,49181169,,0,0,1,8
1,51231,49181523,,0,0,1,8
1,51232,49181826,,0,0,1,8
1,51232,49182287,,0,0,1,8
1,51232,49182624,,0,0,1,8
1,51233,49182815,,0,0,1,8
1,51233,49183167,,0,0,1,8
1,51234,49183832,,0,0,1,8
1,51234,49183859,,0,0,1,8
1,51234,49184370,,0,0,1,8
1,51234,49184357,,0,0,1,8
1,51234,49184543,,0,0,1,8
1,51235,49185170,,0,0,1,8
1,51235,49185286,,0,0,1,8
1,51981,49900974,,0,0,1,8
1,51981,49901545,,0,0,1,8
1,51982,49901833,,0,0,1,8
1,51982,49901970,,0,0,1,8
1,51982,49902432,,0,0,1,8
1,51983,49903220,,0,0,1,8
1,51983,49903354,,0,0,1,8
1,51983,49903333,,0,0,1,8
1,51983,49903711,,0,0,1,8
1,51984,49903836,,0,0,2,8
1,51984,49903946,,0,0,1,8
1,51984,49903962,,0,0,1,8
1,51985,49904872,,0,0,1,8
1,43162,41434623,,0,0,1,8
1,43163,41435765,,0,0,1,8
1,43163,41435839,,0,0,1,8
1,43163,41435863,,0,0,1,8
1,43163,41436399,,0,0,1,8
1,43163,41436481,,0,0,1,8
1,43164,41436642,,0,0,1,8
1,43164,41436978,,0,0,1,8
1,43164,41437193,,0,0,1,8
1,43164,41437184,,0,0,1,8
1,43164,41437229,,0,0,1,8
1,43164,41437400,,0,0,1,8
1,43165,41437976,,0,0,1,8
1,5771,5539649,,0,0,1,8
1,5771,5539861,,0,0,1,8
1,5771,5539962,,0,0,1,8
1,5771,5540139,,0,0,1,8
1,5772,5540586,,0,0,1,8
1,5772,5540706,,0,0,1,8
1,5772,5540860,,0,0,1,8
1,5772,5540989,,0,0,1,8
1,5772,5541027,,0,0,1,8
1,5773,5541617,,0,0,1,8
1,5773,5542087,,0,0,1,8
1,5773,5542142,,0,0,1,8
1,5774,5542842,,0,0,1,8
1,5775,5543617,,0,0,1,8
1,5775,5543842,,0,0,1,8
1,6441,6182489,,0,0,1,8
1,6441,6182773,,0,0,1,8
1,6441,6182802,,0,0,1,8
1,6441,6183369,,0,0,1,8
1,6441,6183380,,0,0,1,8
1,6442,6183773,,0,0,1,8
1,6442,6184250,,0,0,1,8
1,6443,6184554,,0,0,1,8
1,6443,6185015,,0,0,1,8
1,6443,6185055,,0,0,1,8
1,6443,6185289,,0,0,1,8
1,6444,6185760,,0,0,1,8
1,6444,6186061,,0,0,1,8
1,6445,6186944,,0,0,1,8
1,6445,6186959,,0,0,1,8
1,6471,6211211,,0,0,1,8
1,6471,6211654,,0,0,1,8
1,6471,6211672,,0,0,1,8
1,6471,6211917,,0,0,1,8
1,6472,6212428,,0,0,1,8
1,6472,6212748,,0,0,1,8
1,6472,6213174,,0,0,1,7
1,6474,6214827,,0,0,1,8
1,6474,6215167,,0,0,1,8
1,24448,23469367,,0,0,1,7
1,24448,23469499,,0,0,1,8
1,24448,23469704,,0,0,1,8
1,24448,23469818,,0,0,1,8
1,24448,23470036,,0,0,1,8
1,24449,23470328,,0,0,1,8
1,24449,23470802,,0,0,1,8
1,24449,23470862,,0,0,1,8
1,24449,23470883,,0,0,1,8
1,24450,23471378,,0,0,1,8
1,24450,23471478,,0,0,1,8
1,24450,23471563,,0,0,1,8
1,24450,23471632,,0,0,1,8
1,24981,23980836,,0,0,1,8
1,24981,23981611,,0,0,1,8
1,24982,23982094,,0,0,1,8
1,24982,23982297,,0,0,1,8
1,24983,23983013,,0,0,1,8
1,24983,23983239,,0,0,1,8
1,24984,23983823,,0,0,1,8
1,24984,23983936,,0,0,1,8
1,24984,23984075,,0,0,1,8
1,24984,23984700,,0,0,1,8
1,24986,23986484,,0,0,1,8
1,24987,23986703,,0,0,1,8
1,24987,23986969,,0,0,1,8
1,24987,23987232,,0,0,1,8
1,18323,17589310,,0,0,1,8
1,18323,17589329,,0,0,1,8
1,18323,17589622,,0,0,1,8
1,18323,17590046,,0,0,1,8
1,18323,17590115,,0,0,1,7
1,18323,17590134,,0,0,1,8
1,18324,17590811,,0,0,1,8
1,18325,17591619,,0,0,1,8
1,18351,17616457,,0,0,1,8
1,18351,17616481,,0,0,1,8
1,18351,17616575,,0,0,1,8
1,18351,17616779,,0,0,1,8
1,18352,17617095,,0,0,1,8
1,18352,17617637,,0,0,1,8
1,18352,17617744,,0,0,1,8
1,18353,17618226,,0,0,1,8
1,18353,17618454,,0,0,1,8
1,18353,17618536,,0,0,1,8
1,18353,17618733,,0,0,1,8
1,18353,17618780,,0,0,1,8
1,18354,17619142,,0,0,1,8
1,18354,17619292,,0,0,1,8
1,18354,17619599,,0,0,1,8
1,18355,17620040,,0,0,1,7
1,18355,17620359,,0,0,1,8
1,18466,17726801,,0,0,1,8
1,18466,17727157,,0,0,1,8
1,18467,17727696,,0,0,1,8
1,18468,17729092,,0,0,1,8
1,18468,17729101,,0,0,1,8
1,18469,17729957,,0,0,1,8
1,18469,17729989,,0,0,1,8
1,18469,17730106,,0,0,1,8
1,18470,17730681,,0,0,1,8
1,18470,17730705,,0,0,1,8
1,18470,17730730,,0,0,1,8
1,18470,17730749,,0,0,1,8
1,18771,18019844,,0,0,1,8
1,18771,18019972,,0,0,1,8
1,38407,36870055,,0,0,1,8
1,38407,36870281,,0,0,1,8
1,38407,36870696,,0,0,1,8
1,38436,36897605,,0,0,1,8
1,38436,36897606,,0,0,1,8
1,38436,36898145,,0,0,1,8
1,38436,36898521,,0,0,1,8
1,38436,36898576,,0,0,1,8
1,38437,36898661,,0,0,1,8
1,38437,36898756,,0,0,1,8
1,38437,36899371,,0,0,1,8
1,38438,36899797,,0,0,1,7
1,38438,36899906,,0,0,1,8
1,38439,36900646,,0,0,1,8
1,38439,36900826,,0,0,1,8
1,38439,36900828,,0,0,1,8
1,38439,36901208,,0,0,1,8
1,38439,36901347,,0,0,1,8
1,38440,36902168,,0,0,1,8
1,38451,36912199,,0,0,1,8
1,38451,36912560,,0,0,1,8
1,38451,36912751,,0,0,1,8
1,38452,36913087,,0,0,1,8
1,38452,36913509,,0,0,1,8
1,38452,36913826,,0,0,1,8
1,38453,36914563,,0,0,1,8
1,38535,36993010,,0,0,1,8
1,38535,36993029,,0,0,1,8
1,38535,36993578,,0,0,1,8
1,38920,37362646,,0,0,1,8
1,38920,37362727,,0,0,1,7
1,38920,37363192,,0,0,1,8
1,39286,37713711,,0,0,1,8
1,39287,37714708,,0,0,1,8
1,39287,37714805,,0,0,1,8
1,39287,37715438,,0,0,1,8
1,39289,37716651,,0,0,1,8
1,39289,37717431,,0,0,1,8
1,39289,37717586,,0,0,1,8
1,39290,37717927,,0,0,1,8
1,39290,37718375,,0,0,1,8
1,39617,38031710,,0,0,1,8
1,39618,38033111,,0,0,1,8
1,39618,38033289,,0,0,1,8
1,39619,38033521,,0,0,1,8
1,39619,38033788,,0,0,1,8
1,39619,38033935,,0,0,1,8
1,39619,38034252,,0,0,1,8
1,39870,38274733,,0,0,1,8
1,39870,38275086,,0,0,1,8
1,4646,4460140,,0,0,1,8
1,4647,4460586,,0,0,1,8
1,4647,4460837,,0,0,1,8
1,4647,4461023,,0,0,1,8
1,4647,4461198,,0,0,1,8
1,8832,8477974,,0,0,1,8
1,8832,8478102,,0,0,1,8
1,8832,8478148,,0,0,1,8
1,8832,8478563,,0,0,1,8
1,8832,8478644,,0,0,1,8
1,8832,8478772,,0,0,1,8
1,8833,8478843,,0,0,1,7
1,8833,8479171,,0,0,1,8
1,8833,8479555,,0,0,1,8
1,8833,8479592,,0,0,1,8
1,8833,8479634,,0,0,1,8
1,8834,8479859,,0,0,1,8
1,8834,8480397,,0,0,1,8
1,8834,8480622,,0,0,1,8
1,8834,8480789,,0,0,1,8
1,8835,8480922,,0,0,1,8
1,8835,8481200,,0,0,1,8
1,8835,8481391,,0,0,1,8
1,8835,8481559,,0,0,1,8
1,9186,8817945,,0,0,1,8
1,9186,8817994,,0,0,1,8
1,9186,8818335,,0,0,1,8
1,9806,9413015,,0,0,1,8
1,9806,9413387,,0,0,1,8
1,9806,9413421,,0,0,1,8
1,9806,9413471,,0,0,1,8
1,9806,9413706,,0,0,1,8
1,9808,9414988,,0,0,1,8
1,9808,9415263,,0,0,1,8
1,9809,9416213,,0,0,1,8
1,9809,9416510,,0,0,1,8
1,9809,9416529,,0,0,1,8
1,9809,9416572,,0,0,2,8
1,9809,9416573,,0,0,1,8
1,9809,9416680,,0,0,1,8
1,9810,9417242,,0,0,1,8
1,9810,9417328,,0,0,1,8
1,9928,9530563,,0,0,1,8
1,9928,9530567,,0,0,1,8
1,9928,9530555,,0,0,1,8
1,9928,9530924,,0,0,1,8
1,9928,9530944,,0,0,1,8
1,28486,27345635,,0,0,1,8
1,28486,27346422,,0,0,1,8
1,28488,27347959,,0,0,1,8
1,28488,27348061,,0,0,1,8
1,28488,27348313,,0,0,1,8
1,28488,27348419,,0,0,1,8
1,28490,27349714,,0,0,1,8
1,28604,27459744,,0,0,1,8
1,28605,27460048,,0,0,1,8
1,28605,27460626,,0,0,1,8
1,28611,27465663,,0,0,1,8
1,28611,27466364,,0,0,1,8
1,28611,27466512,,0,0,1,8
1,28611,27466519,,0,0,1,8
1,28612,27466832,,0,0,1,8
1,28612,27467446,,0,0,1,8
1,28613,27467721,,0,0,1,8
1,52384,50288122,,0,0,1,8
1,52384,50288440,,0,0,1,8
1,17531,16829076,,0,0,1,8
1,17531,16829091,,0,0,1,8
1,17531,16829355,,0,0,1,8
1,17532,16830226,,0,0,1,8
1,17532,16830333,,0,0,1,8
1,17532,16830397,,0,0,1,8
1,17533,16830839,,0,0,1,8
1,17533,16831000,,0,0,1,8
1,17533,16831218,,0,0,1,8
1,17534,16832001,,0,0,1,8
1,17534,16832342,,0,0,1,8
1,17534,16832353,,0,0,1,8
1,17535,16833213,,0,0,1,8
1,18071,17347440,,0,0,1,8
1,18071,17347516,,0,0,1,8
1,18075,17351379,,0,0,1,8
1,18075,17351418,,0,0,1,8
1,18075,17351935,,0,0,1,8
1,18116,17390577,,0,0,1,8
1,18116,17391111,,0,0,1,8
1,19221,18451729,,0,0,1,8
1,19221,18451882,,0,0,1,8
1,19221,18452169,,0,0,1,8
1,19222,18452457,,0,0,1,8
1,19222,18452484,,0,0,1,8
1,19222,18452578,,0,0,1,8
1,19223,18453390,,0,0,2,8
1,19223,18453587,,0,0,1,8
1,19223,18453673,,0,0,1,8
1,19224,18454452,,0,0,1,8
1,19224,18454620,,0,0,1,8
1,19224,18454634,,0,0,1,8
1,19225,18455476,,0,0,1,8
1,19225,18455458,,0,0,1,8
1,19225,18455684,,0,0,1,8
1,21616,20750815,,0,0,1,8
1,21616,20751310,,0,0,1,8
1,21617,20751469,,0,0,1,8
1,21617,20751655,,0,0,1,8
1,21617,20752025,,0,0,1,8
1,21617,20752052,,0,0,1,8
1,21618,20752680,,0,0,1,8
1,21618,20753045,,0,0,1,8
1,22501,21600440,,0,0,1,8
1,22501,21600763,,0,0,1,8
1,22502,21601256,,0,0,1,8
1,22502,21601599,,0,0,1,8
1,22503,21602138,,1,1,0,6
1,22503,21602318,,0,0,1,8
1,22503,21602517,,0,0,1,8
1,22504,21603096,,0,0,1,8
1,22504,21603145,,0,0,1,8
1,22504,21603522,,0,0,1,8
1,22504,21603656,,0,0,1,8
1,22504,21603707,,0,0,1,8
1,22504,21603963,,0,0,1,8
1,30466,29246457,,0,0,1,8
1,30466,29247336,,0,0,1,8
1,30467,29247486,,0,0,1,8
1,30467,29247567,,0,0,1,8
1,30467,29247976,,0,0,1,8
1,30468,29248558,,0,0,1,8
1,30468,29248652,,0,0,1,8
1,30468,29248791,,0,0,1,8
1,30468,29249312,,0,0,1,8
1,30037,28834685,,0,0,1,8
1,30037,28834870,,0,0,1,8
1,30037,28835132,,0,0,1,8
1,30037,28835183,,0,0,1,8
1,30037,28835441,,0,0,1,8
1,30039,28836811,,0,0,1,8
1,30039,28836966,,0,0,1,7
1,30039,28837304,,0,0,1,8
1,30421,29203225,,0,0,1,7
1,30421,29203252,,0,0,1,8
1,30421,29203471,,0,0,1,8
1,30421,29204133,,0,0,1,8
1,30421,29204161,,0,0,1,8
1,30421,29204187,,0,0,1,8
1,30470,29251102,,0,0,1,8
1,32081,30796896,,0,0,1,8
1,32082,30798424,,0,0,1,8
1,32083,30799206,,0,0,1,8
1,32083,30799324,,0,0,1,8
1,32083,30799669,,0,0,1,8
1,32084,30800121,,0,0,1,8
1,32084,30800177,,0,0,1,8
1,32084,30800246,,0,0,1,8
1,32084,30800709,,0,0,1,8
1,32171,30883540,,0,0,1,8
1,32171,30883602,,0,0,1,8
1,32171,30883978,,0,0,1,8
1,32171,30884035,,0,0,1,8
1,32172,30884568,,0,0,1,8
1,32172,30884716,,0,0,1,8
1,32172,30884938,,0,0,1,8
1,32173,30885238,,0,0,1,8
1,32173,30885459,,0,0,1,8
1,32173,30885687,,0,0,1,8
1,32174,30887163,,0,0,1,8
1,32175,30887389,,0,0,1,8
1,36526,35064377,,0,0,1,8
1,36526,35064887,,0,0,1,8
1,36527,35065041,,0,0,1,8
1,36527,35065406,,0,0,1,8
1,36527,35065612,,0,0,1,8
1,36527,35065650,,0,0,1,8
1,36527,35065925,,0,0,1,8
1,36529,35067439,,0,0,1,8
1,36556,35093016,,0,0,1,8
1,36556,35093518,,0,0,1,8
1,36556,35093687,,0,0,1,8
1,36556,35093753,,0,0,1,8
1,36557,35093914,,0,0,1,8
1,36557,35094045,,0,0,1,8
1,36557,35094175,,0,0,1,8
1,36557,35094571,,0,0,1,8
1,36560,35097249,,0,0,1,8
1,36560,35097308,,0,0,1,8
1,36560,35097388,,0,0,1,8
1,36641,35174421,,0,0,1,8
1,36641,35174438,,0,0,1,8
1,36641,35174978,,0,0,1,8
1,36641,35175158,,0,0,1,8
1,36641,35175290,,0,0,1,8
1,36642,35175639,,0,0,1,8
1,36642,35175674,,0,0,1,8
1,36642,35176149,,0,0,1,8
1,36643,35176816,,0,0,1,8
1,36643,35177064,,0,0,1,8
1,36643,35177090,,0,0,1,8
1,36644,35177748,,0,0,1,8
1,36644,35177828,,0,0,1,8
1,36644,35178192,,0,0,1,8
1,36645,35178568,,0,0,1,8
1,36645,35178829,,0,0,1,8
1,30805,29572229,,0,0,1,8
1,30805,29572415,,0,0,1,8
1,31352,30097200,,0,0,1,8
1,31352,30097592,,0,0,1,8
1,37299,35806395,,2,0,0,5
1,37299,35806412,,0,0,1,8
1,37299,35806501,,0,0,1,8
1,37299,35807194,,0,0,1,8
1,37940,36421701,,0,0,1,8
1,37940,36421820,,0,0,2,3
1,38541,36998556,,0,0,1,8
1,38541,36999240,,0,0,1,8
1,38542,36999711,,0,1,1,8
1,38542,37000069,,0,0,2,8
1,38542,37000310,,0,0,2,3
1,38543,37000509,,0,0,1,8
1,38543,37000571,,0,0,1,8
1,38543,37000603,,0,0,1,8
1,38543,37000890,,0,0,1,8
1,38543,37001034,,0,0,1,8
1,38545,37002613,,0,0,1,8
1,38581,37037025,,0,0,1,8
1,38581,37037076,,0,0,1,8
1,38581,37037720,,0,0,1,8
1,38581,37037750,,0,0,1,8
1,38582,37037856,,0,0,1,8
1,38582,37038661,,0,0,1,8
1,38583,37038824,,0,0,1,8
1,38701,37152603,,0,0,1,8
1,38702,37153420,,0,0,1,8
1,38702,37153655,,0,0,1,8
1,38703,37154620,,0,0,1,8
1,38703,37154645,,0,0,1,8
1,38703,37154714,,0,0,1,8
1,38703,37154815,,0,0,1,8
1,38704,37155401,,0,0,1,8
1,38704,37155834,,0,0,1,8
1,38705,37156034,,0,0,1,8
1,38705,37156266,,0,0,1,8
1,38705,37156384,,0,0,1,8
1,53731,51580967,,0,0,1,8
1,53731,51581645,,0,0,1,8
1,53732,51582216,,0,0,1,8
1,53732,51582497,,0,0,1,8
1,53732,51582663,,0,0,1,8
1,53732,51582762,,0,0,1,8
1,53733,51583007,,0,0,1,8
1,53733,51583103,,0,0,1,8
1,53733,51583352,,0,0,2,8
1,53733,51583423,,0,0,1,8
1,53733,51583522,,0,0,1,8
1,53910,51753146,,0,0,1,8
1,53910,51753192,,0,0,1,8
1,53910,51753328,,0,0,1,8
1,54487,52306850,,0,0,1,8
1,54487,52306896,,0,0,1,8
1,54487,52306895,,0,0,1,8
1,54489,52308822,,0,0,1,8
1,54489,52308842,,0,0,1,8
1,54489,52308918,,0,0,1,8
1,54489,52309122,,0,0,1,8
1,54489,52309402,,0,0,2,3
1,54490,52309776,,0,0,1,8
1,54490,52309995,,0,0,1,8
1,12183,11694979,,0,0,1,8
1,12183,11695135,,0,0,1,8
1,12183,11695336,,0,0,1,8
1,12183,11695527,,0,0,1,8
1,12184,11696012,,0,0,1,8
1,12184,11696159,,0,0,1,8
1,12184,11696454,,0,0,1,8
1,12184,11696581,,0,0,1,8
1,12184,11696605,,0,0,1,8
1,12184,11696706,,0,0,1,8
1,12185,11697005,,0,0,1,8
1,12185,11697114,,0,0,1,8
1,12185,11697550,,0,0,1,8
1,12310,11816867,,0,0,1,8
1,12310,11816913,,0,0,1,8
1,12310,11817377,,0,0,1,8
1,49472,47492711,,0,0,1,8
1,49473,47493432,,0,0,1,8
1,49473,47493624,,0,0,1,8
1,49473,47493764,,0,0,1,8
1,49473,47493804,,0,0,1,8
1,49474,47494839,,0,0,1,8
1,49474,47495101,,0,0,1,8
1,49474,47495154,,0,0,1,8
1,49474,47495165,,0,0,1,8
1,49475,47495467,,0,0,1,8
1,49475,47495751,,0,0,1,8
1,49475,47495938,,0,0,2,3
1,49521,47540064,,0,0,1,8
1,49523,47541724,,0,0,1,8
1,49524,47542471,,0,0,1,8
1,49524,47542777,,0,0,1,8
1,49525,47543237,,0,0,1,8
1,49525,47543580,,0,0,1,8
1,49525,47543886,,0,0,1,8
1,49791,47798693,,0,0,1,8
1,49791,47798958,,0,0,1,8
1,49791,47798988,,0,0,1,8
1,49791,47799147,,0,0,1,8
1,49791,47799387,,0,0,1,8
1,23359,22423850,,0,1,1,8
1,23359,22424120,,0,0,1,8
1,23360,22424904,,0,0,1,8
1,23360,22425271,,0,0,1,8
1,23360,22425455,,0,0,1,8
1,23360,22425498,,0,0,1,8
1,24016,23054966,,0,0,1,8
1,24016,23055161,,0,0,1,8
1,24016,23055290,,0,0,1,8
1,24017,23055701,,1,0,1,8
1,24019,23057455,,0,0,1,8
1,24019,23057506,,0,0,1,8
1,24019,23057770,,0,0,1,8
1,24019,23057778,,0,0,1,8
1,24019,23057794,,0,0,1,8
1,24019,23058110,,0,0,1,8
1,24020,23058735,,0,0,1,8
1,24441,23463154,,0,0,1,8
1,24442,23463924,,0,0,1,8
1,24442,23464278,,0,0,1,8
1,30921,29684115,,0,0,1,8
1,30922,29684246,,0,0,1,8
1,30922,29684264,,0,0,1,8
1,30922,29684338,,0,0,1,8
1,30922,29684441,,0,0,1,8
1,30922,29684550,,0,0,1,7
1,30922,29684598,,0,0,1,8
1,30922,29684869,,0,0,1,8
1,30922,29684955,,0,0,1,8
1,30922,29685007,,0,0,1,8
1,30922,29685129,,0,0,1,8
1,30923,29685277,,0,0,1,8
1,30923,29686137,,0,0,1,8
1,30924,29686707,,0,0,1,8
1,30924,29686703,,0,0,1,8
1,30924,29687135,,0,0,1,8
1,30925,29687592,,0,0,1,8
1,31871,30595261,,0,0,1,8
1,31871,30595510,,0,0,1,8
1,31871,30595569,,0,0,1,8
1,31871,30595724,,0,0,1,8
1,31871,30595985,,0,0,1,8
1,35561,34137834,,0,0,1,8
1,35561,34138191,,0,0,1,8
1,35561,34138512,,0,0,1,8
1,35562,34139101,,0,0,1,7
1,35562,34139500,,0,0,1,8
1,35564,34140636,,0,0,1,8
1,35564,34140952,,0,0,1,8
1,35564,34141113,,0,0,1,8
1,35564,34141144,,0,0,1,8
1,35564,34141374,,0,0,1,8
1,35565,34141733,,0,0,1,8
1,35565,34141791,,0,0,1,8
1,35565,34142036,,0,0,1,8
1,35596,34171666,,0,0,1,8
1,35596,34171912,,0,0,1,8
1,35596,34172020,,0,0,1,8
1,35596,34172017,,0,0,1,8
1,35597,34172257,,0,0,1,8
1,35598,34173228,,0,0,1,8
1,35598,34173557,,0,0,1,8
1,35598,34173757,,0,0,1,8
1,35598,34174114,,0,0,1,8
1,36091,34646652,,0,0,1,8
1,36092,34647539,,0,0,1,8
1,36092,34647739,,0,0,1,8
1,36092,34647965,,0,0,1,8
1,36092,34648021,,0,0,1,8
1,36092,34648061,,0,0,1,8
1,36092,34648110,,0,0,1,8
1,36094,34649829,,0,0,1,8
1,36094,34649943,,0,0,1,8
1,36095,34650625,,0,0,1,8
1,51226,49176077,,0,0,1,8
1,51227,49177328,,0,0,1,8
1,51227,49177498,,0,0,1,8
1,51228,49178156,,0,0,1,8
1,51229,49179565,,0,0,1,8
1,51229,49179980,,0,0,1,8
1,51230,49180625,,0,0,1,8
1,51230,49180683,,0,0,1,8
1,51230,49180795,,0,0,1,8
1,51251,49200073,,0,0,1,8
1,51251,49200112,,0,0,1,8
1,51253,49202160,,0,0,1,8
1,51253,49202312,,0,0,1,8
1,51253,49202741,,0,0,1,8
1,51253,49202880,,0,0,1,8
1,51346,49291396,,0,0,1,7
1,51347,49292761,,0,0,1,8
1,51348,49293824,,0,0,1,8
1,51349,49294575,,0,0,1,8
1,51349,49294782,,0,0,1,8
1,51349,49294900,,0,0,1,8
1,51350,49295260,,0,0,1,8
1,51350,49295524,,0,0,1,8
1,51350,49296000,,0,0,1,8
1,51729,49659576,,0,0,1,8
1,51729,49659668,,0,0,1,8
1,51729,49659689,,0,0,1,8
1,11677,11209053,,0,0,1,8
1,11677,11209253,,0,0,1,8
1,11677,11209424,,0,0,1,8
1,11677,11209440,,0,0,1,8
1,11677,11209483,,0,0,1,8
1,11677,11209746,,0,0,1,7
1,11678,11210035,,0,0,2,3
1,11678,11210317,,0,0,1,8
1,11679,11211022,,0,0,1,8
1,11679,11211136,,0,0,1,8
1,11679,11211516,,0,0,1,8
1,11680,11212158,,0,0,1,8
1,11680,11212191,,0,0,1,8
1,11680,11212638,,0,0,1,8
1,11956,11476927,,0,0,1,8
1,11956,11477292,,0,0,1,8
1,11956,11477388,,0,0,1,8
1,11957,11477870,,0,0,1,8
1,11957,11477883,,0,0,1,8
1,11957,11477882,,0,0,1,8
1,11957,11478358,,0,0,1,8
1,11957,11478797,,0,0,1,8
1,11958,11478844,,0,0,1,8
1,11958,11478944,,0,0,1,8
1,11958,11478957,,0,0,1,8
1,11958,11478974,,0,0,1,8
1,11958,11479095,,0,0,1,8
1,11958,11479115,,0,0,1,8
1,11958,11479252,,0,0,1,8
1,11959,11479803,,0,0,1,8
1,11959,11480109,,0,0,1,8
1,11959,11480465,,0,0,1,8
1,12556,12052902,,0,0,1,8
1,12556,12053185,,0,0,1,8
1,12557,12053930,,0,0,1,8
1,12557,12053970,,0,0,1,8
1,12557,12054206,,0,0,1,8
1,12557,12054303,,0,0,1,8
1,12557,12054311,,0,0,1,8
1,12557,12054794,,0,0,1,8
1,12558,12055396,,0,0,1,7
1,12558,12055444,,0,0,1,8
1,12558,12055718,,0,0,1,8
1,12558,12055785,,0,0,1,8
1,12559,12055845,,0,0,1,8
1,12559,12056030,,1,0,1,2
1,12559,12056468,,0,0,1,8
1,12559,12056562,,0,0,1,8
1,12560,12057057,,0,0,1,8
1,20426,19608154,,0,0,1,8
1,20426,19608974,,0,0,1,8
1,20427,19609676,,0,0,1,8
1,20428,19610283,,0,0,1,8
1,20428,19610436,,0,0,1,8
1,20429,19611013,,0,0,1,8
1,20429,19611044,,0,0,1,8
1,20429,19611428,,0,0,1,8
1,20429,19611571,,0,0,1,8
1,20429,19611782,,0,0,1,8
1,20429,19611801,,0,0,1,8
1,20495,19674620,,0,0,1,8
1,20495,19675027,,0,0,1,8
1,20495,19675175,,0,0,1,8
1,20541,19718471,,0,0,1,8
1,20541,19719322,,0,0,1,8
1,20544,19721583,,0,0,1,8
1,20544,19722034,,0,0,1,8
1,20544,19722208,,0,0,1,8
1,20544,19722265,,0,0,1,8
1,20544,19722338,,0,0,1,8
1,20545,19722600,,0,0,1,8
1,20545,19722946,,0,0,1,8
1,20545,19723019,,0,0,1,8
1,20552,19729667,,0,0,1,8
1,20553,19730202,,0,0,1,8
1,20553,19730537,,0,0,1,8
1,21056,20212967,,0,0,1,8
1,21056,20213650,,0,0,1,8
1,21056,20213795,,0,0,1,8
1,21057,20213873,,0,0,1,8
1,21057,20214728,,0,0,1,8
1,21058,20215084,,0,0,1,8
1,21058,20215158,,0,0,1,8
1,21059,20215957,,0,0,1,8
1,21060,20216871,,0,0,1,8
1,31770,30498505,,0,0,1,8
1,31770,30498697,,0,0,1,8
1,31770,30498962,,0,0,1,8
1,31770,30499041,,0,0,1,8
1,44086,42321622,,0,0,2,3
1,44086,42322544,,0,0,1,8
1,44087,42322621,,0,0,1,8
1,44087,42323345,,0,0,1,8
1,44088,42323603,,0,0,1,8
1,44088,42323621,,0,0,1,8
1,44088,42324072,,0,0,1,8
1,44088,42324472,,0,0,1,8
1,44089,42325228,,0,0,1,8
1,44089,42325459,,0,0,1,8
1,44089,42325472,,0,0,1,8
1,44090,42325637,,0,0,1,8
1,44090,42326024,,0,0,1,8
1,44090,42326202,,0,0,1,8
1,45472,43652419,,0,0,1,8
1,45472,43652750,,0,0,1,8
1,45472,43652877,,0,0,1,8
1,45474,43654535,,0,0,1,8
1,45474,43654878,,0,0,1,8
1,34017,32655448,,0,0,1,8
1,34017,32655926,,0,0,1,8
1,34017,32656339,,0,0,1,8
1,34018,32656489,,0,0,1,8
1,34018,32656492,,0,0,1,8
1,34018,32656565,,0,0,1,8
1,34018,32657105,,0,0,1,8
1,34018,32657258,,0,0,1,8
1,34341,32966415,,0,0,1,8
1,34341,32966692,,0,2,1,1
1,34341,32967153,,0,0,1,8
1,34341,32967222,,0,0,1,8
1,34341,32967260,,0,0,1,8
1,34342,32967889,,0,0,1,8
1,34342,32968142,,0,0,1,8
1,34343,32968608,,0,0,1,8
1,34343,32968652,,0,0,1,8
1,34343,32968802,,0,0,1,8
1,34343,32968904,,0,0,1,8
1,34343,32969204,,0,0,1,8
1,34343,32969282,,0,0,1,8
1,34344,32969437,,0,0,1,8
1,34344,32969510,,0,0,1,8
1,34344,32969839,,0,0,1,8
1,34344,32970038,,0,0,1,8
1,34345,32970953,,0,0,1,8
1,34345,32971122,,0,0,1,8
1,42771,41059240,,0,0,1,8
1,42771,41059603,,0,0,1,8
1,42771,41059643,,0,0,1,8
1,42773,41061207,,0,0,1,7
1,42773,41061690,,0,0,1,8
1,42774,41062699,,0,0,1,8
1,42774,41062805,,0,0,1,8
1,42774,41063062,,0,0,1,8
1,32831,31517078,,0,0,1,8
1,32831,31517414,,0,0,1,8
1,42751,41040035,,0,0,1,8
1,42751,41040054,,0,0,1,8
1,42751,41040159,,0,0,1,8
1,42751,41040305,,0,0,1,8
1,42751,41040585,,0,0,1,8
1,42751,41040718,,0,0,1,8
1,46504,44643151,,0,0,1,8
1,46504,44643712,,0,0,1,8
1,46504,44643858,,0,0,1,8
1,46505,44644379,,0,0,1,8
1,46505,44644513,,0,0,1,8
1,46505,44644542,,0,0,1,8
1,46505,44644715,,0,0,1,8
1,60426,58008169,,0,0,1,8
1,60426,58008252,,0,0,1,8
1,60426,58008538,,0,0,1,8
1,58196,55867202,,0,0,1,8
1,58196,55867856,,0,0,1,8
1,58196,55868018,,0,0,1,8
1,60126,57720141,,0,0,1,8
1,60127,57721762,,0,0,1,8
1,1975,1895815,,0,0,1,8
1,2480,2380094,,0,0,1,8
1,2480,2380148,,0,0,1,8
1,2480,2380743,,0,0,1,8
1,2481,2380904,,0,0,1,8
1,2481,2381514,,0,0,1,8
1,2481,2381632,,0,0,1,8
1,2483,2382831,,0,0,1,7
1,2483,2383201,,0,0,1,8
1,2483,2383220,,0,0,1,8
1,2483,2383226,,0,0,1,8
1,2484,2384219,,0,0,1,8
1,2484,2384668,,0,0,1,8
1,2485,2385142,,0,0,1,8
1,2485,2385175,,0,0,1,8
1,2485,2385410,,0,0,1,7
1,2485,2385460,,0,0,1,8
1,3641,3494592,,0,0,1,7
1,3642,3495449,,0,0,1,8
1,3642,3495743,,0,0,1,8
1,3642,3495759,,0,0,1,8
1,3643,3496946,,0,0,1,8
1,3643,3497013,,0,0,1,8
1,3643,3497278,,0,0,1,8
1,11792,11319869,,0,0,1,8
1,11792,11319950,,0,0,1,8
1,11792,11320095,,0,0,1,8
1,11793,11321369,,0,0,1,7
1,11794,11321804,,0,0,1,8
1,11794,11321806,,0,0,1,8
1,11794,11321868,,0,0,1,8
1,11794,11321960,,0,0,1,8
1,11794,11322267,,0,0,1,8
1,2476,2376257,,0,0,1,8
1,2566,2462490,,0,0,1,8
1,2566,2462766,,0,0,1,8
1,2566,2462848,,0,0,1,8
1,2566,2462903,,0,0,1,8
1,2566,2463002,,0,0,1,8
1,2567,2463505,,0,0,1,8
1,2567,2463868,,0,0,1,8
1,2567,2464396,,0,0,1,8
1,2569,2465620,,0,0,1,8
1,2569,2465805,,0,0,1,8
1,2569,2466091,,0,0,1,8
1,2569,2466297,,0,0,1,8
1,2569,2466354,,0,0,1,8
1,2570,2466462,,0,0,1,8
1,2570,2466755,,0,0,1,8
1,2570,2467000,,0,0,1,8
1,2592,2488059,,0,0,1,8
1,2592,2488110,,0,0,1,8
1,2593,2488832,,0,0,1,8
1,2593,2488903,,0,0,1,8
1,2594,2489885,,0,1,1,1
1,2594,2489849,,0,0,1,8
1,2594,2489966,,0,0,1,8
1,2594,2490063,,0,0,1,8
1,2594,2490394,,0,0,1,8
1,2595,2490694,,0,0,1,8
1,2595,2491074,,0,0,1,8
1,10004,9603234,,0,0,1,8
1,10004,9603365,,0,0,1,8
1,10004,9603612,,0,0,1,8
1,10004,9603639,,0,0,1,7
1,11194,10745921,,0,0,1,8
1,11194,10745901,,0,0,1,8
1,11194,10746133,,0,0,1,8
1,11195,10746549,,0,0,1,8
1,11195,10747123,,0,0,1,8
1,11195,10747122,,0,0,1,8
1,11795,11322533,,0,0,1,8
1,11795,11323157,,0,0,1,8
1,26262,25210871,,0,0,1,8
1,26263,25212429,,0,0,1,8
1,26264,25212876,,0,0,1,8
1,26264,25213252,,0,0,1,8
1,26265,25213964,,0,0,1,8
1,26265,25214314,,0,0,1,8
1,33461,32121658,,0,0,1,7
1,33461,32121809,,0,0,1,8
1,33461,32121949,,0,0,1,8
1,33462,32123235,,0,0,1,8
1,33463,32123776,,0,0,1,8
1,33463,32123962,,0,0,1,8
1,33463,32124308,,0,0,1,8
1,33463,32124463,,0,2,0,4
1,33463,32124464,,0,0,1,8
1,33463,32124476,,0,0,1,8
1,33464,32124834,,0,0,1,8
1,33464,32125595,,0,0,1,7
1,33465,32125690,,0,0,1,8
1,33465,32125828,,0,0,1,8
1,33465,32125832,,0,0,1,8
1,33465,32125931,,0,0,1,8
1,33465,32126293,,0,0,1,8
1,32588,31283853,,0,0,1,8
1,32588,31284141,,0,0,1,8
1,32588,31284287,,0,0,2,8
1,32589,31285036,,0,0,1,8
1,32589,31285118,,0,0,1,8
1,32589,31285545,,0,0,1,8
1,32590,31285954,,0,0,1,8
1,32590,31286338,,0,0,1,8
1,32590,31286372,,0,0,1,8
1,35031,33628925,,0,0,1,8
1,35031,33628973,,0,0,1,8
1,35031,33629075,,0,0,1,8
1,35031,33629230,,0,0,1,8
1,35031,33629350,,0,0,1,8
1,35031,33629562,,0,0,1,8
1,35031,33629753,,0,0,1,8
1,35096,33691307,,0,0,1,8
1,35096,33692034,,0,0,1,8
1,35096,33692120,,0,0,1,8
1,35097,33692201,,0,0,1,8
1,35097,33692514,,0,0,1,8
1,35097,33692856,,0,0,1,8
1,35098,33693713,,0,0,1,8
1,35098,33693797,,0,0,1,8
1,35098,33693888,,0,0,1,8
1,35256,33845345,,0,0,1,8
1,35256,33845413,,0,0,1,8
1,35256,33845426,,0,0,1,8
1,35256,33845458,,0,0,1,8
1,35256,33845569,,0,0,1,8
1,35256,33845776,,0,0,1,8
1,35257,33846206,,0,0,1,8
1,35257,33846424,,0,0,1,8
1,35257,33846517,,0,0,1,8
1,35259,33848058,,2,0,0,5
1,35259,33848434,,0,0,1,8
1,35260,33849026,,0,0,1,8
1,35260,33849196,,0,0,1,8
1,11336,10882434,,0,0,1,8
1,11337,10882676,,0,0,1,8
1,11337,10882951,,0,0,1,8
1,11337,10883582,,0,0,1,8
1,11338,10883606,,0,0,1,8
1,11338,10884129,,0,0,1,8
1,11338,10884320,,0,0,1,8
1,11338,10884407,,0,0,1,8
1,11339,10884875,,0,0,1,8
1,11339,10885134,,0,0,1,8
1,11340,10885735,,0,0,1,8
1,11556,11093311,,0,0,1,8
1,11556,11093700,,0,0,1,7
1,11557,11094638,,0,0,1,8
1,11557,11094658,,0,0,1,8
1,11557,11094748,,0,0,1,8
1,11558,11094881,,0,0,2,8
1,11558,11095221,,0,0,1,8
1,11558,11095676,,0,0,1,8
1,11559,11095815,,0,0,1,8
1,11559,11095822,,0,0,1,8
1,11559,11096084,,0,0,1,8
1,11559,11096154,,0,0,1,8
1,11560,11097084,,0,0,1,8
1,11560,11097071,,0,0,1,8
1,11648,11181474,,0,0,1,8
1,11649,11182494,,0,0,1,8
1,11649,11182821,,0,0,1,8
1,11649,11183037,,0,0,1,8
1,11649,11183112,,0,0,1,8
1,11649,11183152,,0,0,1,7
1,11650,11183953,,0,0,1,8
1,15416,14798846,,0,0,1,8
1,58466,56126802,,0,0,1,8
1,58467,56127486,,0,0,1,8
1,58467,56127944,,0,0,2,3
1,58467,56128016,,0,0,1,8
1,58467,56128247,,0,0,1,8
1,58468,56128428,,0,0,1,8
1,58468,56128577,,0,0,1,8
1,58468,56128612,,0,0,1,8
1,58468,56129098,,0,0,1,8
1,58469,56129408,,0,0,1,8
1,58469,56129635,,0,0,1,8
1,58469,56129714,,0,0,1,8
1,58469,56130001,,0,0,1,8
1,58470,56130644,,0,0,1,8
1,58470,56130960,,0,0,1,8
1,58470,56130975,,0,0,1,7
1,58566,56222624,,0,0,1,8
1,58567,56223782,,0,0,1,8
1,58567,56223845,,0,0,1,8
1,58567,56223934,,0,0,1,8
1,58569,56225449,,0,0,1,8
1,58569,56225806,,0,0,1,8
1,58569,56226110,,0,0,1,8
1,58570,56226469,,0,0,1,8
1,8431,8093124,,0,0,1,8
1,8431,8093190,,0,0,1,8
1,8432,8093802,,0,0,1,8
1,8432,8093984,,0,0,1,8
1,8432,8094058,,0,0,1,8
1,8432,8094056,,0,0,1,8
1,8432,8094252,,0,0,1,8
1,8433,8094850,,0,0,1,8
1,8433,8094942,,0,0,1,8
1,8434,8095887,,0,0,1,8
1,8568,8224568,,0,0,1,8
1,8568,8224705,,0,0,1,8
1,8568,8225045,,0,0,1,8
1,8568,8225156,,0,0,1,8
1,8568,8225285,,0,0,1,8
1,8569,8226061,,0,0,1,8
1,8569,8226217,,0,0,1,8
1,39306,37733449,,0,0,1,8
1,39308,37734969,,0,0,1,8
1,39308,37735262,,0,0,1,8
1,39308,37735471,,0,0,1,8
1,39447,37869072,,0,0,1,8
1,39531,37949025,,0,0,1,7
1,39531,37949180,,0,0,1,8
1,39531,37949406,,0,0,1,8
1,23657,22710776,,0,0,1,8
1,23658,22711091,,0,0,1,8
1,23658,22711182,,0,0,1,8
1,23660,22712802,,0,0,1,8
1,23660,22713150,,0,0,1,8
1,23660,22713283,,0,0,1,8
1,23660,22713510,,0,0,1,8
1,24936,23937641,,0,0,1,8
1,24936,23937710,,0,0,1,8
1,24936,23938432,,0,0,1,8
1,24936,23938556,,0,0,1,8
1,24937,23939081,,0,0,1,8
1,24937,23939297,,0,0,1,8
1,24939,23940675,,0,0,1,8
1,24939,23940696,,0,0,1,8
1,41486,39825722,,0,0,1,8
1,41486,39826238,,0,0,1,8
1,41486,39826321,,0,0,1,8
1,41486,39826342,,0,0,1,8
1,41486,39826572,,0,0,1,8
1,41488,39827696,,0,0,1,8
1,41488,39827725,,0,0,1,8
1,41488,39827959,,0,0,1,8
1,41488,39828043,,0,0,1,8
1,41489,39828944,,0,0,1,8
1,41490,39830360,,0,0,1,8
1,17557,16853890,,0,0,1,8
1,17557,16853947,,0,0,1,8
1,17557,16854019,,0,0,1,8
1,17557,16854249,,0,0,1,8
1,17558,16854976,,0,0,1,8
1,17559,16856037,,0,0,1,8
1,17559,16856706,,0,0,1,8
1,17560,16856933,,0,0,1,8
1,17560,16857275,,0,0,1,8
1,17560,16857593,,0,0,1,8
1,17612,16906757,,0,0,1,8
1,17612,16907102,,0,0,1,8
1,17613,16908156,,0,0,1,8
1,17613,16908260,,0,0,1,8
1,17614,16908836,,0,0,1,8
1,17614,16909112,,0,0,1,8
1,17615,16909883,,0,0,1,8
1,17615,16910042,,0,0,1,8
1,18001,17280344,,0,0,1,8
1,18001,17280724,,0,0,1,8
1,18002,17281098,,0,0,1,7
1,18002,17281725,,0,0,1,8
1,18003,17282115,,0,0,1,8
1,18003,17282429,,0,0,1,8
1,18004,17283058,,0,0,1,7
1,18004,17283079,,0,0,1,8
1,18004,17283063,,0,0,1,8
1,18004,17283165,,0,0,1,8
1,18004,17283224,,0,0,1,8
1,18004,17283330,,0,0,1,8
1,18004,17283619,,0,0,1,8
1,22778,21866509,,0,0,1,8
1,22778,21866647,,0,0,1,8
1,22778,21866825,,0,0,1,8
1,22779,21867280,,0,0,1,8
1,24938,23939601,,0,0,1,8
1,24938,23939786,,0,0,1,7
1,42282,40589967,,0,0,1,8
1,42282,40590127,,0,0,1,8
1,42283,40591042,,0,0,1,8
1,42283,40591787,,0,0,1,8
1,42284,40592004,,0,0,1,8
1,42284,40592301,,0,0,1,8
1,42284,40592364,,0,0,1,8
1,42285,40592978,,0,0,1,8
1,42332,40637902,,0,0,1,8
1,42332,40638407,,0,0,1,8
1,42333,40638909,,0,0,1,8
1,42333,40638947,,0,0,1,8
1,42333,40639199,,0,0,1,8
1,42334,40640018,,0,0,1,8
1,42334,40640211,,0,0,1,8
1,42334,40640225,,0,0,1,8
1,42334,40640474,,0,0,1,8
1,42334,40640753,,0,0,1,8
1,42335,40641331,,0,0,1,8
1,42900,41183277,,0,0,1,8
1,42900,41183509,,0,0,1,8
1,42996,41275368,,0,0,1,8
1,42997,41276293,,0,0,1,8
1,42997,41276465,,0,0,1,8
1,42997,41276508,,0,0,1,8
1,42998,41277244,,0,0,1,8
1,42998,41277409,,0,0,1,8
1,42998,41278057,,0,0,1,8
1,42999,41278369,,0,0,1,8
1,42999,41278519,,0,0,1,8
1,42999,41278660,,0,0,1,8
1,10269,9857819,,0,0,1,8
1,10269,9858045,,0,0,1,8
1,10270,9858696,,0,0,1,8
1,10270,9859036,,0,0,1,8
1,10270,9859080,,0,0,1,8
1,10270,9859095,,0,0,1,8
1,10286,9873630,,0,0,1,8
1,10286,9873784,,0,0,1,8
1,10287,9874744,,0,0,1,8
1,10288,9875631,,0,0,1,8
1,10288,9875896,,0,0,1,8
1,10288,9876137,,0,0,1,8
1,10288,9876575,,0,0,1,8
1,10289,9877143,,0,0,1,8
1,10289,9877215,,0,0,1,8
1,10676,10248529,,0,0,1,8
1,10676,10248574,,0,0,1,7
1,10677,10249462,,0,0,1,8
1,10677,10249489,,0,0,1,8
1,10677,10249571,,0,0,1,8
1,10677,10249613,,0,0,1,8
1,10677,10249813,,0,0,1,8
1,10678,10250517,,0,0,1,8
1,10678,10250952,,0,0,1,8
1,10679,10251379,,0,0,1,8
1,10679,10251516,,0,0,1,8
1,10679,10251578,,0,0,1,8
1,10679,10251697,,0,0,1,8
1,10679,10251949,,0,0,1,8
1,10680,10252138,,0,0,1,8
1,10680,10252142,,0,0,1,8
1,10680,10252549,,0,0,1,8
1,11401,10944623,,0,0,1,8
1,11401,10944896,,0,0,1,8
1,11402,10945228,,0,0,1,8
1,11402,10945523,,0,0,1,8
1,40799,39166606,,0,0,1,8
1,40831,39197079,,0,0,1,8
1,40911,39273631,,0,0,1,8
1,40911,39274575,,0,0,1,8
1,40912,39275240,,0,0,1,8
1,40912,39275351,,0,0,1,8
1,40912,39275599,,0,0,1,8
1,40913,39275692,,0,0,1,8
1,40913,39275717,,0,0,1,8
1,40913,39275754,,0,0,1,8
1,40913,39276185,,0,0,1,8
1,40913,39276456,,0,0,1,8
1,40914,39276615,,0,0,1,8
1,40914,39277102,,0,0,1,8
1,40914,39277512,,0,0,1,8
1,40915,39277772,,0,0,1,8
1,40915,39277803,,0,0,1,8
1,40915,39277955,,0,0,1,8
1,40915,39278100,,0,0,1,8
1,40915,39278120,,0,0,1,8
1,40915,39278180,,0,0,1,8
1,40915,39278326,,0,0,1,8
1,40931,39292812,,0,0,1,8
1,40931,39293108,,0,0,1,8
1,40931,39293712,,0,0,1,8
1,40932,39294070,,0,0,1,7
1,40933,39295417,,0,0,1,8
1,14685,14097080,,0,0,1,8
1,14685,14097181,,0,0,1,8
1,15081,14476893,,0,0,1,8
1,15081,14476974,,0,0,1,8
1,15082,14478225,,0,0,1,8
1,15082,14478261,,0,0,1,8
1,15082,14478450,,0,0,1,8
1,15082,14478660,,0,0,1,8
1,15082,14478764,,0,0,1,8
1,15083,14478986,,0,0,1,8
1,15083,14479007,,0,0,1,8
1,15084,14479852,,0,0,1,8
1,15084,14479983,,0,0,1,8
1,15084,14480334,,0,0,1,8
1,15084,14480713,,0,0,1,8
1,15085,14480812,,0,0,1,8
1,15085,14481042,,0,0,1,8
1,15085,14481426,,0,0,1,8
1,15671,15043277,,0,0,1,8
1,15671,15043282,,0,0,1,8
1,15671,15043778,,0,0,1,8
1,15671,15044082,,0,0,1,8
1,15809,15175895,,0,0,1,8
1,15809,15176436,,0,0,1,8
1,15810,15176935,,0,0,1,8
1,19581,18797246,,0,0,1,8
1,19581,18797332,,0,0,1,7
1,19581,18797490,,0,0,1,8
1,19581,18797487,,0,0,1,8
1,19581,18797557,,0,0,1,8
1,19581,18797577,,0,0,1,8
1,19581,18797796,,0,0,1,8
1,42896,41179601,,0,0,1,8
1,42896,41179654,,0,0,1,8
1,42897,41180985,,0,0,1,8
1,42898,41181817,,0,0,1,8
1,42899,41183134,,0,0,1,8
1,44173,42405218,,0,0,1,8
1,44173,42405444,,0,0,1,8
1,44173,42405658,,0,0,1,8
1,44174,42406256,,0,0,1,8
1,44174,42406401,,0,0,1,8
1,44174,42406644,,0,0,1,8
1,44174,42406985,,0,0,1,8
1,44175,42407594,,0,0,1,8
1,44175,42407691,,0,0,1,8
1,44561,42778022,,0,0,1,8
1,44561,42778331,,0,0,1,8
1,44561,42778372,,0,0,1,8
1,44562,42778902,,0,0,1,8
1,44562,42779086,,0,0,1,8
1,44562,42779240,,0,0,1,8
1,44564,42781340,,0,0,1,8
1,44721,42931236,,0,0,1,8
1,44721,42931676,,0,0,1,8
1,44721,42931861,,0,0,1,8
1,44721,42932001,,0,0,1,8
1,44821,43027685,,0,0,1,8
1,15673,15045491,,0,0,1,8
1,15673,15045769,,0,0,1,7
1,15674,15046290,,0,0,1,8
1,15674,15046755,,0,0,1,8
1,15675,15047590,,0,0,1,8
1,15806,15172816,,0,0,1,8
1,15806,15172861,,0,0,1,8
1,15806,15172951,,0,0,1,8
1,15806,15172975,,0,0,1,8
1,15806,15173191,,0,0,1,8
1,15807,15174714,,0,0,1,8
1,15807,15174733,,0,0,1,8
1,15808,15175131,,0,0,1,8
1,15808,15175400,,0,0,1,8
1,15808,15175448,,0,0,1,8
1,15808,15175541,,0,0,1,8
1,15808,15175650,,0,0,1,8
1,16051,15408507,,0,0,1,8
1,16051,15408527,,0,0,1,8
1,16051,15408601,,0,0,1,8
1,16052,15409047,,0,0,1,8
1,16052,15409123,,0,0,1,8
1,16052,15409274,,0,0,1,8
1,16052,15409689,,0,0,1,8
1,16052,15409845,,0,0,1,8
1,16054,15411093,,0,0,1,8
1,16054,15411314,,0,0,1,8
1,16054,15411720,,0,0,1,8
1,16055,15412117,,0,0,1,8
1,16055,15412415,,0,0,1,8
1,16055,15412573,,0,0,1,8
1,19584,18799994,,0,0,1,8
1,19584,18800310,,0,0,1,8
1,19584,18800662,,0,0,1,8
1,19585,18800892,,0,0,1,8
1,19585,18800974,,0,0,1,8
1,19585,18800997,,0,0,1,8
1,17517,16815838,,0,1,1,1
1,17517,16815964,,0,0,1,8
1,17517,16816238,,0,0,1,8
1,17518,16816631,,0,0,1,8
1,17518,16816743,,0,0,1,8
1,17519,16817453,,0,0,1,8
1,17519,16817493,,0,0,1,8
1,17519,16817637,,0,0,1,8
1,17519,16817962,,0,0,1,8
1,17519,16818332,,0,0,1,7
1,17626,16920030,,0,0,1,8
1,17626,16920182,,0,0,1,8
1,17626,16920387,,0,0,1,8
1,17626,16920415,,0,0,1,8
1,17626,16920650,,0,0,1,8
1,17626,16920793,,0,0,1,8
1,17626,16920896,,0,0,1,8
1,17628,16922048,,0,0,1,8
1,17628,16922090,,0,0,1,8
1,17628,16922442,,0,0,1,8
1,17628,16922695,,0,0,1,8
1,17628,16922755,,0,0,1,8
1,17628,16922905,,0,0,1,8
1,17629,16923004,,0,0,1,8
1,17629,16923254,,0,0,1,8
1,17629,16923389,,0,0,1,8
1,17630,16924435,,0,0,1,8
1,17630,16924567,,0,0,1,8
1,18005,17284001,,0,0,1,8
1,18005,17284129,,1,0,1,8
1,18005,17284569,,0,0,1,8
1,18008,17286854,,0,0,1,8
1,17611,16905603,,0,0,1,8
1,17611,16906329,,0,0,1,8
1,17611,16906388,,0,0,1,8
1,3192,3063931,,0,0,1,8
1,3192,3064381,,0,0,1,8
1,3193,3064580,,0,0,1,8
1,3193,3064749,,0,0,1,8
1,3193,3065274,,0,0,1,8
1,3193,3065333,,0,0,1,8
1,3193,3065396,,0,0,1,8
1,3194,3066067,,0,0,1,8
1,3194,3066093,,0,0,1,8
1,3194,3066299,,0,0,1,8
1,3195,3066438,,0,0,1,8
1,3195,3066660,,0,0,1,8
1,3195,3066882,,0,0,1,8
1,2896,2779365,,0,0,1,8
1,2896,2779908,,0,0,1,8
1,2897,2780427,,0,0,1,8
1,2897,2780408,,0,0,1,8
1,2897,2780849,,0,0,1,8
1,2897,2780914,,0,0,1,8
1,2897,2780903,,0,0,1,8
1,2898,2781582,,0,0,1,7
1,2898,2781639,,0,0,1,8
1,2898,2781758,,0,0,1,7
1,2899,2782373,,0,0,1,8
1,2899,2782729,,0,0,1,8
1,2899,2782823,,0,0,1,8
1,2899,2782870,,0,0,1,8
1,2899,2782918,,0,0,1,8
1,2899,2782979,,0,0,1,8
1,2900,2783898,,0,0,1,8
1,3426,3288225,,0,0,1,8
1,4224,4054526,,0,0,1,8
1,4224,4054867,,0,0,1,8
1,4225,4055719,,0,0,1,8
1,4225,4055755,,0,0,1,8
1,4666,4478729,,0,0,1,8
1,4667,4479728,,0,0,1,8
1,4667,4479730,,0,0,1,8
1,4667,4479788,,0,0,1,8
1,4667,4480283,,0,0,1,8
1,4668,4480913,,0,0,1,8
1,4668,4480931,,0,0,1,8
1,4668,4480947,,0,0,1,8
1,4668,4480978,,0,0,1,8
1,4668,4481162,,0,0,1,8
1,4669,4481825,,0,0,1,8
1,4669,4481879,,0,0,1,8
1,4669,4482007,,0,0,1,8
1,4669,4482226,,0,0,1,8
1,4669,4482280,,0,0,1,8
1,5120,4914810,,0,0,1,8
1,36710,35240938,,0,0,1,8
1,36722,35252375,,0,0,1,8
1,36722,35252647,,0,0,1,8
1,36723,35253549,,0,0,1,8
1,36768,35296907,,0,0,2,8
1,36768,35297305,,0,0,1,8
1,36770,35298893,,0,0,1,8
1,36770,35298949,,0,0,1,8
1,18117,17391731,,0,0,1,8
1,18118,17392912,,0,0,1,8
1,18118,17393328,,0,0,1,8
1,18119,17393751,,0,0,1,8
1,18119,17393993,,0,0,1,8
1,18119,17394205,,0,0,1,8
1,18119,17394380,,0,0,1,8
1,18119,17394392,,0,0,1,8
1,18120,17394569,,0,0,1,8
1,18120,17394935,,0,0,1,8
1,18120,17394972,,0,0,1,8
1,19156,18388924,,0,0,1,8
1,19156,18389165,,0,0,1,8
1,19157,18389971,,0,0,1,8
1,19157,18390065,,0,0,1,8
1,19157,18390421,,0,0,1,8
1,19157,18390438,,0,0,1,8
1,19157,18390499,,0,0,1,8
1,19158,18390902,,0,0,1,8
1,19158,18391509,,0,0,1,8
1,19158,18391528,,0,0,1,8
1,19159,18392051,,0,0,1,8
1,19159,18392234,,0,0,1,8
1,19159,18392349,,0,0,1,8
1,19159,18392360,,0,0,1,8
1,19159,18392474,,0,0,1,8
1,19159,18392472,,0,0,1,8
1,19159,18392725,,0,0,1,8
1,19160,18392860,,0,0,1,8
1,19160,18392924,,0,0,1,8
1,19160,18393061,,0,0,1,8
1,19160,18393247,,0,0,1,8
1,19160,18393593,,0,0,1,8
1,19802,19009082,,0,0,1,8
1,19802,19009717,,0,0,1,8
1,19802,19009785,,0,0,1,8
1,19803,19010322,,0,0,1,8
1,19803,19010375,,0,0,1,8
1,19803,19010498,,0,0,1,8
1,19805,19012220,,0,0,1,8
1,19805,19012279,,0,0,1,8
1,32929,31611012,,0,0,1,8
1,32929,31611254,,0,0,1,8
1,32929,31611598,,0,0,1,8
1,32929,31611654,,0,0,1,8
1,32929,31611989,,0,0,1,8
1,32930,31612271,,0,0,1,8
1,32930,31612650,,0,0,1,8
1,32930,31612672,,0,0,1,8
1,32930,31612722,,0,0,1,8
1,33167,31839544,,0,0,1,7
1,33167,31839765,,0,0,1,8
1,33167,31839926,,0,0,1,8
1,33167,31840317,,0,0,1,8
1,33168,31840538,,0,0,1,8
1,33168,31840549,,0,0,1,8
1,33168,31840759,,0,0,1,8
1,33168,31841206,,0,0,1,8
1,33168,31841222,,0,0,1,8
1,33856,32500808,,0,0,1,8
1,33856,32501023,,0,0,1,7
1,33856,32501367,,0,0,1,8
1,34066,32702414,,0,0,1,8
1,34066,32703172,,0,0,1,8
1,34066,32703398,,0,0,1,8
1,34067,32703459,,0,0,1,8
1,34067,32703701,,0,0,1,8
1,34068,32704538,,0,0,1,8
1,34068,32704671,,0,0,1,8
1,34193,32824410,,0,0,1,8
1,34193,32824488,,0,0,1,8
1,57471,55171324,,0,0,1,8
1,57471,55172148,,0,0,1,8
1,57592,55287486,,0,0,1,8
1,57592,55287580,,0,0,1,8
1,57592,55287885,,0,0,1,8
1,57592,55288224,,0,0,1,8
1,19838,19043608,,0,0,1,8
1,19838,19043708,,0,0,1,8
1,19838,19044054,,0,0,1,8
1,19838,19044156,,0,0,1,8
1,19838,19044175,,0,0,1,8
1,19838,19044393,,0,0,1,8
1,19838,19044590,,0,0,1,8
1,19839,19044802,,0,0,1,8
1,19839,19045220,,0,0,1,8
1,24320,23346470,,0,0,1,8
1,24320,23346681,,0,0,1,8
1,30216,29006456,,0,0,1,8
1,30216,29006874,,0,0,1,8
1,30216,29006973,,0,0,1,8
1,30216,29007155,,0,0,1,8
1,30216,29007362,,0,0,1,8
1,30217,29007500,,0,0,1,8
1,30217,29008293,,0,0,1,8
1,30218,29009129,,0,0,1,8
1,30218,29009279,,0,0,1,8
1,30219,29009688,,0,0,1,8
1,30219,29009967,,0,0,1,8
1,30220,29010479,,0,0,1,8
1,30220,29010521,,0,0,1,8
1,30220,29010683,,0,0,1,8
1,30220,29011011,,0,0,1,8
1,30220,29011010,,0,0,1,8
1,31391,30134973,,0,0,1,8
1,31391,30135203,,0,0,1,8
1,31391,30135265,,0,0,1,8
1,31391,30135277,,0,0,1,8
1,31391,30135397,,0,0,1,7
1,32151,30864403,,0,0,1,8
1,32151,30864585,,0,0,1,8
1,32151,30864808,,0,0,1,8
1,32153,30866017,,0,0,1,8
1,32153,30866040,,0,0,1,8
1,32153,30866051,,0,0,1,8
1,32153,30866081,,0,0,1,8
1,32153,30866266,,0,0,1,8
1,32153,30866303,,0,0,1,8
1,32153,30866328,,0,0,1,8
1,32153,30866696,,0,0,1,8
1,32154,30867142,,0,0,1,8
1,32154,30867227,,0,0,1,8
1,32154,30867356,,0,0,1,8
1,32155,30868199,,0,0,1,8
1,32155,30868389,,0,0,1,8
1,37963,36444559,,0,0,1,8
1,37964,36444632,,0,0,1,8
1,37964,36445566,,0,0,1,8
1,37964,36445592,,0,0,1,8
1,38191,36662588,,0,0,1,7
1,38191,36662621,,0,0,1,8
1,38191,36663087,,0,0,1,7
1,38191,36663110,,0,0,1,8
1,38191,36663235,,0,0,1,8
1,38192,36664083,,0,0,1,8
1,38192,36664376,,0,0,1,8
1,38193,36665164,,0,0,1,8
1,38194,36665666,,0,0,1,8
1,38194,36666034,,0,0,1,8
1,38194,36666086,,0,0,1,8
1,38194,36666255,,0,0,1,8
1,38551,37008002,,0,0,1,8
1,42598,40893288,,0,0,1,8
1,42598,40893542,,0,0,1,8
1,42598,40893640,,0,0,1,8
1,42598,40893841,,0,0,1,8
1,42641,40934568,,0,0,1,8
1,42641,40934633,,0,0,1,8
1,42641,40934653,,0,0,1,8
1,42641,40934648,,0,0,1,8
1,42641,40934858,,0,0,1,8
1,38552,37009630,,0,0,1,8
1,38553,37010055,,0,0,1,8
1,38554,37011311,,0,0,1,7
1,38554,37011351,,0,0,1,8
1,38554,37011446,,0,0,1,8
1,38555,37012348,,0,0,1,8
1,4548,4365262,,0,0,1,8
1,4549,4366409,,0,0,1,8
1,4549,4366758,,0,0,1,8
1,4550,4367979,,0,0,1,8
1,4760,4569216,,0,0,1,8
1,4766,4575036,,0,0,1,8
1,4766,4575089,,0,0,1,8
1,4766,4575183,,0,0,1,8
1,4767,4575448,,0,0,1,8
1,4767,4575514,,0,0,1,8
1,4767,4575661,,0,0,1,8
1,4767,4575844,,0,0,1,8
1,4768,4576456,,0,0,1,8
1,4768,4576908,,0,0,1,8
1,4768,4576987,,0,0,1,7
1,4768,4577138,,0,0,1,8
1,4769,4577455,,0,0,1,8
1,4769,4577503,,0,0,1,8
1,4769,4577557,,0,0,1,8
1,4769,4578198,,0,0,1,8
1,4769,4578288,,0,0,1,8
1,4770,4579043,,0,0,1,8
1,6404,6147128,,0,0,1,8
1,6404,6147317,,0,0,1,8
1,6404,6147615,,0,0,1,8
1,6404,6147885,,0,0,1,8
1,38558,37015297,,0,0,1,8
1,38558,37015660,,0,0,1,8
1,38559,37016086,,0,0,1,8
1,38559,37016352,,0,0,1,8
1,38559,37016480,,0,0,1,8
1,38559,37016569,,0,0,1,8
1,38561,37018156,,0,0,1,8
1,38561,37018469,,0,0,1,8
1,38562,37018774,,0,0,1,8
1,38562,37018831,,0,0,1,8
1,38563,37020525,,0,2,0,4
1,38563,37020588,,0,0,1,8
1,38564,37021041,,0,0,1,8
1,38564,37021133,,0,0,1,8
1,38564,37021447,,0,0,1,8
1,38564,37021542,,0,0,1,8
1,38565,37021611,,0,0,1,8
1,38565,37022147,,0,0,1,8
1,38577,37033146,,0,0,1,8
1,38577,37033279,,0,0,1,8
1,38578,37034055,,0,0,1,8
1,38578,37034220,,0,0,1,8
1,38578,37034425,,0,0,1,8
1,38578,37034533,,0,0,1,8
1,38578,37034864,,0,0,1,8
1,38578,37034872,,0,0,1,8
1,38579,37035443,,0,0,1,8
1,38579,37035583,,0,0,1,8
1,38579,37035735,,0,0,1,8
1,38580,37036120,,0,0,1,8
1,38580,37036210,,0,0,1,8
1,38580,37036439,,0,0,1,8
1,38580,37036552,,0,0,1,8
1,38580,37036559,,0,0,1,8
1,38586,37042068,,0,0,1,8
1,38587,37042916,,0,0,1,8
1,38587,37042936,,0,0,1,8
1,38587,37042981,,0,0,1,8
1,38587,37043315,,0,0,1,8
1,38587,37043561,,0,0,1,8
1,46688,44819951,,0,0,1,8
1,46688,44820041,,0,0,1,8
1,46688,44820295,,0,0,1,8
1,46688,44820333,,0,0,1,8
1,46688,44820380,,0,0,1,8
1,46688,44820594,,0,0,1,8
1,4736,4545770,,0,0,1,8
1,4736,4546370,,0,0,1,8
1,4737,4547433,,0,0,1,8
1,4738,4548511,,0,0,1,8
1,4739,4548864,,0,0,1,8
1,4739,4549121,,0,0,1,8
1,4739,4549340,,0,0,1,8
1,4740,4550018,,0,0,1,8
1,4756,4565038,,0,0,1,8
1,4756,4565522,,0,0,1,8
1,4757,4565804,,0,0,1,8
1,4757,4566371,,0,0,1,8
1,4758,4567228,,0,0,1,8
1,4758,4567433,,0,0,1,8
1,4758,4567568,,0,0,1,8
1,4758,4567791,,0,0,1,8
1,4759,4567869,,0,0,1,8
1,4759,4568536,,0,0,1,7
1,6401,6144024,,0,0,1,8
1,6401,6144021,,0,0,1,8
1,6401,6144797,,0,0,1,8
1,6401,6144809,,0,0,1,8
1,6402,6145102,,0,0,1,8
1,6402,6145286,,0,0,1,8
1,6402,6145389,,0,0,2,3
1,6402,6145542,,0,0,1,8
1,6402,6145856,,0,1,1,1
1,6403,6146102,,0,0,1,8
1,6403,6146305,,0,0,1,8
1,6405,6148158,,0,0,1,8
1,6405,6148224,,0,0,1,8
1,6405,6148471,,0,0,1,8
1,6405,6148598,,0,0,1,8
1,6405,6148716,,0,0,1,8
1,6408,6150847,,0,0,1,8
1,6408,6151036,,0,0,1,8
1,6408,6151408,,0,0,1,8
1,6408,6151471,,0,0,1,8
1,6408,6151529,,0,0,1,8
1,46726,44856126,,0,0,1,8
1,46726,44856127,,1,0,1,2
1,46726,44856168,,0,0,1,8
1,46726,44856348,,0,0,1,8
1,46726,44856650,,0,0,1,8
1,46727,44857839,,0,0,1,8
1,46727,44857969,,0,0,1,7
1,46728,44858523,,0,0,1,8
1,46728,44858611,,0,0,1,8
1,46728,44858668,,0,0,1,8
1,46728,44858967,,0,0,1,8
1,46729,44859015,,0,0,1,8
1,46729,44859158,,0,0,1,8
1,46729,44859371,,0,0,1,8
1,46729,44859379,,0,0,1,8
1,46729,44859913,,0,0,1,8
1,46730,44860066,,0,0,1,8
1,46730,44860668,,0,0,1,8
1,46731,44861260,,0,0,1,8
1,46731,44861411,,0,0,1,8
1,46732,44862113,,0,0,1,8
1,46732,44862226,,0,0,1,8
1,46732,44862734,,0,0,1,8
1,46733,44862803,,0,0,1,8
1,46733,44863021,,0,0,1,8
1,46733,44863059,,0,0,2,3
1,46733,44863081,,0,0,1,8
1,46733,44863197,,0,0,2,3
1,46733,44863534,,0,0,1,8
1,46734,44864557,,0,0,1,8
1,46735,44864961,,0,0,1,8
1,46735,44865327,,0,0,1,8
1,38588,37043645,,0,0,1,8
1,38588,37043764,,0,0,2,3
1,38588,37043829,,0,0,1,8
1,38588,37044479,,0,0,1,8
1,38589,37044631,,0,0,1,8
1,38590,37046167,,0,0,1,8
1,38590,37046361,,0,0,1,8
1,38596,37051805,,0,0,1,8
1,38597,37052410,,0,0,1,8
1,38597,37052504,,0,0,1,8
1,38597,37052889,,0,0,1,8
1,38598,37053448,,0,0,1,7
1,38598,37053621,,0,0,1,8
1,38598,37053643,,0,0,1,8
1,38598,37053891,,0,0,1,8
1,38598,37053971,,0,0,1,8
1,38598,37054157,,0,0,1,8
1,38599,37054405,,0,0,1,8
1,38599,37054844,,0,0,1,8
1,38599,37055100,,0,0,1,8
1,38600,37055360,,0,0,1,8
1,38600,37055438,,0,0,1,8
1,38600,37055816,,0,0,1,8
1,38600,37055991,,0,0,1,8
1,38608,37062936,,0,0,1,8
1,38608,37063634,,0,0,1,8
1,38608,37063766,,0,0,1,8
1,38609,37064021,,0,0,1,8
1,38609,37064192,,0,0,1,8
1,53271,51139982,,0,0,1,8
1,53275,51143282,,0,0,1,8
1,53275,51143608,,0,0,1,8
1,53275,51143731,,0,0,1,8
1,53275,51143856,,0,0,1,8
1,53275,51143867,,0,0,1,8
1,53412,51275149,,0,0,1,8
1,53412,51275507,,0,0,1,8
1,46554,44691127,,0,0,1,8
1,46554,44691157,,0,0,1,8
1,46554,44691207,,0,0,1,8
1,46554,44691775,,0,0,1,8
1,46555,44692061,,0,0,1,8
1,46555,44692503,,0,0,1,8
1,3031,2908950,,0,0,1,8
1,3031,2909493,,0,0,1,8
1,3031,2909521,,0,0,1,8
1,3031,2909567,,0,0,1,8
1,3035,2913204,,0,0,1,8
1,5122,4916502,,0,0,1,8
1,5123,4917296,,0,0,1,8
1,5123,4917336,,0,0,1,8
1,5123,4917721,,0,0,1,8
1,5124,4918347,,0,0,1,8
1,5124,4918496,,0,0,1,8
1,5124,4918556,,0,0,1,8
1,5124,4918826,,0,0,1,8
1,5124,4919004,,0,0,1,8
1,5124,4919057,,0,0,1,8
1,5125,4919314,,0,0,1,8
1,5125,4919451,,0,0,1,8
1,5125,4919487,,0,0,1,8
1,5216,5006752,,0,0,1,8
1,5216,5006802,,0,0,1,8
1,5216,5006840,,0,0,1,8
1,5216,5006925,,0,0,1,8
1,5216,5007143,,0,0,1,8
1,5216,5007332,,0,0,1,8
1,5291,5078425,,0,0,1,8
1,5291,5078610,,0,0,1,8
1,5291,5079051,,0,0,1,8
1,5292,5080225,,0,0,1,8
1,5292,5080350,,0,0,1,8
1,5293,5080721,,0,0,1,8
1,5293,5081278,,0,0,1,7
1,5293,5081364,,0,0,1,8
1,5294,5081577,,0,0,1,8
1,5294,5082338,,0,0,1,8
1,5295,5082495,,0,0,1,8
1,5295,5082549,,0,0,1,8
1,5295,5082628,,0,0,1,8
1,41487,39826918,,0,0,1,8
1,43526,41784141,,0,0,1,8
1,43526,41784443,,0,0,1,8
1,43526,41784753,,0,0,1,8
1,43527,41785737,,0,0,1,8
1,43528,41786628,,0,0,1,8
1,43528,41786709,,0,0,1,8
1,43529,41787721,,0,0,1,8
1,43530,41788100,,0,0,1,8
1,43530,41788393,,0,0,1,8
1,43530,41788645,,0,0,1,8
1,45076,43272063,,0,0,1,8
1,45077,43273600,,0,0,1,8
1,45077,43273952,,0,0,1,8
1,45078,43274513,,0,0,1,8
1,45078,43274619,,0,0,1,8
1,45078,43274648,,0,0,1,8
1,45112,43306868,,0,0,1,8
1,45112,43307065,,0,0,1,8
1,45112,43307116,,0,0,1,8
1,45112,43307210,,0,0,1,8
1,45112,43307232,,0,0,1,8
1,4476,4296012,,0,0,1,8
1,4476,4296188,,0,0,1,8
1,4476,4296605,,0,0,1,8
1,4476,4296795,,0,0,1,8
1,4477,4297077,,0,0,1,8
1,4477,4297104,,0,0,2,8
1,4477,4297116,,0,0,1,8
1,4477,4297243,,0,0,1,8
1,4477,4297244,,0,0,1,8
1,4477,4297386,,0,0,1,8
1,4477,4297518,,0,0,1,8
1,4477,4297537,,0,0,1,8
1,4477,4297635,,0,0,1,8
1,4478,4298256,,0,0,1,8
1,4479,4299610,,0,0,1,8
1,4479,4299648,,0,0,1,8
1,4479,4299921,,0,0,1,8
1,5217,5007484,,0,0,1,8
1,5217,5007554,,0,0,1,8
1,5217,5008283,,0,0,1,7
1,5217,5008353,,0,0,1,8
1,5219,5009564,,0,0,1,8
1,5219,5009619,,0,0,1,7
1,5219,5009688,,0,0,1,8
1,5220,5010783,,0,0,1,8
1,5220,5010926,,0,0,1,8
1,5220,5011064,,0,0,1,8
1,5371,5155806,,0,0,1,8
1,5372,5156373,,0,0,1,8
1,5372,5156378,,0,0,2,8
1,5372,5156835,,0,0,1,8
1,38595,37050670,,0,0,1,7
1,38595,37051112,,0,0,1,8
1,38595,37051165,,0,0,1,8
1,41088,39443619,,0,0,1,8
1,41088,39443832,,0,0,1,8
1,41089,39444625,,0,0,1,8
1,41089,39444755,,0,0,1,8
1,41089,39444772,,0,0,1,8
1,41089,39444795,,0,0,2,3
1,41089,39445193,,0,0,1,8
1,23488,22548012,,0,0,1,8
1,23489,22548874,,0,0,1,8
1,23490,22549669,,0,0,1,8
1,23490,22549719,,0,0,1,8
1,23490,22550123,,0,0,1,8
1,23490,22550150,,0,0,1,8
1,24391,23414790,,0,0,1,8
1,24392,23416131,,0,0,1,8
1,24393,23416452,,0,0,1,8
1,24393,23417282,,0,0,1,8
1,24393,23417339,,0,0,1,8
1,24395,23418431,,0,0,1,8
1,24395,23418576,,0,0,2,3
1,24395,23419065,,0,0,1,8
1,24928,23930335,,0,0,1,8
1,24928,23930604,,0,0,1,8
1,24928,23930680,,0,0,1,8
1,24928,23930929,,0,0,1,8
1,24929,23931339,,0,0,1,8
1,24929,23931378,,0,0,1,8
1,24929,23931973,,0,0,1,8
1,23486,22545612,,0,0,1,8
1,23486,22545704,,0,0,1,8
1,23486,22545865,,0,0,1,8
1,23486,22546523,,0,0,1,8
1,23487,22547138,,0,0,1,8
1,24926,23928078,,0,0,1,8
1,24926,23928350,,0,0,1,8
1,24926,23928622,,0,0,1,8
1,24926,23928696,,0,0,1,8
1,24926,23928850,,0,0,1,8
1,24927,23929066,,0,0,1,8
1,24927,23929519,,0,0,1,8
1,24927,23929815,,0,0,1,8
1,56156,53909102,,0,0,1,8
1,56156,53909548,,0,0,1,8
1,56157,53910047,,0,0,1,8
1,56157,53910331,,0,0,1,8
1,56157,53910413,,0,0,1,8
1,56158,53911782,,0,0,1,8
1,56159,53911860,,0,0,1,8
1,56159,53912226,,0,0,1,8
1,56159,53912328,,0,0,1,8
1,56159,53912455,,0,0,1,8
1,56160,53912924,,0,0,1,8
1,56160,53913103,,0,0,1,8
1,56160,53913451,,0,0,1,8
1,56161,53914158,,0,0,1,8
1,56162,53915224,,0,0,1,8
1,56163,53915964,,0,0,1,8
1,56163,53916393,,0,0,1,8
1,56164,53916868,,0,0,1,8
1,56165,53917668,,0,0,1,8
1,56165,53918195,,0,0,2,8
1,45080,43276585,,0,0,1,8
1,45113,43307672,,0,0,1,8
1,45113,43307758,,0,0,1,8
1,45113,43308089,,0,0,1,8
1,45113,43308166,,0,0,1,8
1,45113,43308515,,0,0,1,8
1,45113,43308533,,0,0,1,8
1,45114,43308732,,0,0,1,8
1,45114,43308926,,0,0,1,8
1,45114,43309014,,0,0,1,8
1,45114,43309427,,0,0,1,8
1,45114,43309572,,0,0,1,8
1,5335,5121132,,0,0,1,8
1,7256,6964948,,0,0,1,8
1,7256,6964976,,0,0,1,8
1,7256,6965640,,0,0,1,8
1,7257,6965918,,0,0,1,8
1,7257,6966023,,0,0,1,8
1,7257,6966093,,0,0,1,8
1,7257,6966601,,0,0,1,8
1,7258,6966809,,0,0,1,8
1,7258,6967001,,0,0,1,8
1,7258,6967363,,0,0,1,8
1,7258,6967396,,0,0,1,8
1,7258,6967589,,0,0,1,8
1,12277,11785123,,0,2,0,4
1,12277,11785494,,0,0,1,8
1,12277,11785880,,0,0,1,8
1,12277,11785920,,0,0,1,8
1,12277,11785957,,0,0,1,8
1,12278,11786196,,0,0,1,8
1,12278,11786337,,0,0,1,8
1,12278,11786801,,0,0,1,8
1,12278,11786939,,0,0,1,8
1,12279,11787042,,0,0,1,8
1,12279,11787156,,0,0,1,8
1,12279,11787347,,0,0,1,8
1,12279,11787491,,0,0,1,8
1,12279,11787611,,0,0,1,8
1,12279,11787807,,0,0,1,8
1,12279,11787844,,0,0,2,8
1,12280,11788223,,0,0,1,8
1,12280,11788514,,0,0,1,8
1,12280,11788527,,0,0,1,8
1,12411,11913767,,0,0,1,7
1,12411,11913894,,0,0,1,8
1,12411,11914419,,0,0,1,8
1,12411,11914440,,0,0,1,8
1,12412,11915141,,0,0,1,8
1,12412,11915206,,0,0,1,8
1,12413,11916330,,0,0,1,8
1,12414,11916966,,0,0,1,8
1,12415,11917865,,0,0,1,8
1,12415,11918106,,0,0,1,8
1,15643,15016403,,0,0,1,8
1,15643,15016474,,0,0,1,8
1,15643,15017358,,0,0,1,8
1,15661,15033694,,0,0,1,8
1,15661,15034445,,0,0,1,8
1,15662,15034940,,0,0,1,8
1,15662,15035045,,0,0,1,8
1,15662,15035229,,0,0,1,8
1,15663,15035767,,0,0,1,8
1,15663,15036548,,0,0,1,8
1,15664,15037002,,0,0,1,8
1,15664,15037483,,0,0,1,8
1,15664,15037538,,0,0,1,8
1,15665,15038233,,0,0,1,8
1,15796,15163377,,0,0,1,8
1,15796,15163668,,0,0,1,8
1,15797,15164208,,0,0,1,8
1,15797,15164539,,0,0,1,8
1,15798,15165972,,0,0,1,8
1,15799,15166530,,0,0,1,8
1,15799,15166968,,0,0,1,7
1,15800,15167250,,0,0,1,8
1,15800,15167398,,0,0,1,8
1,15800,15167509,,0,0,1,8
1,15800,15167506,,0,0,1,8
1,15800,15167829,,0,0,1,8
1,15800,15167872,,0,0,1,8
1,6517,6256024,,0,0,1,8
1,6518,6256549,,0,0,1,8
1,6518,6257345,,0,0,1,8
1,6519,6257547,,0,0,1,8
1,6519,6258337,,0,0,1,8
1,6519,6258319,,0,0,1,8
1,6520,6258402,,0,0,1,8
1,6520,6258950,,0,0,1,8
1,6520,6259013,,0,0,1,8
1,6520,6259162,,0,0,1,8
1,10455,10036133,,0,0,1,7
1,10455,10036796,,0,0,1,8
1,13026,12504552,,0,0,1,8
1,13027,12505048,,0,0,1,8
1,13027,12505122,,0,0,1,8
1,13027,12505246,,0,0,1,8
1,13027,12505307,,0,0,1,8
1,13027,12505364,,0,0,1,8
1,13027,12505578,,0,0,1,8
1,13027,12505718,,0,0,1,8
1,13028,12506052,,0,0,1,8
1,13028,12506565,,0,0,1,8
1,13029,12507318,,0,0,1,8
1,13029,12507531,,0,0,1,8
1,15642,15015440,,0,0,1,8
1,15642,15015981,,0,0,1,8
1,15642,15016167,,0,0,1,8
1,15771,15139304,,0,0,1,8
1,15771,15139456,,1,0,1,7
1,15771,15139595,,0,0,1,8
1,15771,15139801,,0,0,1,7
1,15771,15140043,,0,0,1,8
1,15772,15140276,,0,0,1,8
1,15772,15140457,,0,0,2,8
1,15772,15140721,,0,0,1,8
1,15772,15141065,,0,0,1,8
1,15772,15141123,,0,0,1,8
1,15772,15141127,,0,0,1,8
1,15773,15141629,,0,0,1,8
1,15773,15142054,,0,0,1,8
1,13177,12649037,,0,0,1,8
1,13177,12649181,,0,0,1,8
1,13177,12649497,,0,0,1,8
1,13178,12650198,,0,0,1,7
1,13178,12650228,,0,0,1,8
1,13178,12650693,,0,0,1,8
1,13179,12651636,,0,0,1,8
1,13179,12651693,,0,0,1,8
1,13179,12651751,,0,0,1,8
1,13179,12651801,,0,0,1,8
1,13301,12768110,,0,0,1,8
1,13301,12768290,,0,0,1,8
1,13301,12768450,,0,0,1,8
1,13301,12768545,,0,0,1,8
1,13302,12769432,,0,0,1,8
1,13302,12769441,,0,0,1,8
1,13303,12770166,,0,0,1,8
1,13303,12770216,,0,0,1,8
1,13303,12770270,,0,0,1,8
1,13303,12770369,,0,0,1,8
1,13303,12770742,,0,0,1,8
1,13304,12771019,,0,0,1,8
1,13304,12771031,,0,0,1,8
1,13304,12771156,,0,0,1,8
1,13304,12771769,,0,0,1,8
1,13305,12772173,,0,0,1,8
1,13305,12772256,,0,0,1,8
1,13305,12772495,,0,0,1,8
1,35238,33827655,,0,0,1,8
1,35238,33828320,,0,0,1,8
1,35238,33828482,,0,0,1,7
1,14718,14129194,,0,0,1,8
1,14718,14129201,,0,0,1,8
1,22069,21185407,,0,0,1,8
1,22069,21185658,,0,0,1,8
1,22069,21185790,,0,0,1,8
1,22069,21185854,,0,0,1,8
1,22069,21186247,,0,0,1,8
1,22069,21186311,,0,0,1,8
1,22070,21186407,,0,0,1,8
1,22070,21186691,,0,0,1,8
1,22070,21186722,,0,0,1,8
1,15645,15018673,,0,0,1,8
1,15645,15018901,,0,0,1,8
1,15686,15057909,,0,0,1,8
1,15686,15058059,,0,0,1,8
1,15686,15058491,,0,0,1,8
1,15687,15059444,,0,0,1,8
1,15687,15059573,,0,0,1,8
1,15689,15060681,,0,0,1,8
1,15689,15060878,,0,0,1,8
1,15689,15061214,,0,0,1,8
1,15690,15062237,,0,0,1,8
1,35236,33825990,,0,0,1,8
1,35237,33826612,,0,0,1,8
1,35237,33826884,,0,0,1,8
1,35237,33827383,,0,0,1,8
1,35237,33827395,,0,0,1,8
1,35239,33828676,,0,0,2,8
1,35239,33828962,,0,0,1,8
1,35239,33829102,,0,0,1,8
1,35239,33829111,,0,0,1,8
1,35240,33829621,,0,0,1,8
1,35240,33829916,,0,0,1,8
1,35240,33830074,,0,0,1,8
1,35240,33830128,,0,0,1,8
1,35241,33830447,,0,0,1,8
1,35241,33830943,,0,0,1,8
1,35241,33831234,,0,0,1,8
1,35242,33831899,,0,0,1,8
1,35243,33832539,,0,0,1,8
1,20644,19817784,,0,0,1,8
1,20644,19817947,,0,0,1,8
1,20644,19818261,,0,0,1,8
1,20644,19818262,,0,0,1,8
1,20645,19818415,,0,0,1,8
1,20645,19818431,,0,0,1,8
1,20645,19818843,,0,0,1,8
1,20645,19818992,,0,0,1,8
1,20645,19818996,,0,0,1,8
1,20645,19819182,,0,0,1,8
1,20656,19828842,,0,0,1,8
1,20656,19828937,,0,0,1,8
1,20656,19829132,,0,0,1,8
1,20656,19829147,,0,0,1,7
1,20656,19829551,,0,0,1,8
1,20656,19829761,,0,0,1,8
1,20657,19830365,,0,0,1,8
1,20657,19830379,,0,0,1,8
1,20658,19831509,,0,0,1,8
1,20659,19832593,,0,0,1,8
1,20660,19833086,,0,0,1,8
1,20660,19833114,,0,0,1,8
1,20660,19833563,,0,0,1,8
1,20661,19833828,,0,0,1,8
1,20661,19833974,,0,0,1,8
1,20661,19834061,,0,0,1,8
1,20661,19834117,,0,0,1,8
1,20661,19834224,,0,0,1,8
1,20662,19835092,,0,0,1,8
1,20662,19835258,,0,0,1,8
1,20662,19835457,,0,0,1,8
1,20663,19835683,,0,0,1,8
1,20663,19835738,,0,0,1,8
1,20663,19835959,,0,0,1,8
1,20663,19835976,,0,0,1,8
1,20663,19836136,,0,0,1,8
1,20663,19836411,,0,0,1,8
1,20663,19836429,,0,0,1,8
1,20681,19852997,,0,0,1,8
1,20682,19854164,,0,0,1,8
1,20682,19854352,,0,0,1,8
1,20682,19854769,,0,0,1,8
1,51172,49124266,,0,0,1,8
1,51172,49124288,,0,0,1,8
1,51172,49124539,,0,0,1,8
1,51172,49124831,,0,0,1,8
1,51173,49125521,,0,0,1,8
1,51173,49125584,,0,0,1,8
1,51174,49126510,,0,0,1,8
1,51174,49127079,,0,0,1,8
1,51175,49127220,,0,0,1,8
1,51175,49127672,,0,0,1,8
1,51175,49127851,,0,0,1,8
1,51175,49127931,,0,0,1,8
1,51957,49878710,,0,0,1,8
1,51958,49879478,,0,0,1,8
1,51958,49879640,,0,0,1,7
1,51958,49879772,,0,0,1,8
1,51959,49879895,,0,0,1,8
1,51959,49880131,,0,0,1,8
1,51959,49880509,,0,0,1,8
1,51960,49880908,,0,0,1,8
1,51960,49880956,,0,0,1,8
1,51960,49881255,,0,0,1,8
1,51960,49881584,,0,0,1,8
1,55409,53191980,,0,0,1,8
1,55409,53192287,,0,0,1,8
1,55409,53192363,,0,0,1,7
1,55409,53192365,,0,0,1,8
1,55409,53192431,,0,0,1,8
1,55410,53193013,,0,0,1,8
1,55300,53087204,,0,0,1,8
1,55300,53087682,,0,0,1,8
1,55300,53087771,,0,0,1,8
1,55300,53087791,,0,1,1,1
1,58046,55723415,,0,0,1,8
1,58046,55723583,,0,0,1,8
1,58046,55723675,,0,0,1,8
1,58046,55723775,,0,0,1,8
1,58048,55725208,,0,0,1,8
1,58048,55725904,,0,0,1,8
1,58049,55726299,,0,0,1,8
1,58049,55726666,,0,0,1,8
1,58049,55727056,,0,0,1,8
1,58050,55727444,,0,0,1,8
1,58050,55727557,,0,0,1,8
1,58846,56491343,,0,0,1,8
1,58846,56491502,,0,0,1,8
1,58846,56491613,,0,0,1,8
1,58846,56491997,,0,0,1,8
1,58846,56492088,,0,0,1,8
1,58846,56492199,,0,0,1,8
1,58847,56492502,,0,0,1,8
1,58847,56492574,,0,0,1,8
1,58847,56492795,,0,0,1,8
1,58848,56493371,,0,0,1,8
1,58848,56493494,,0,0,1,8
1,58848,56493569,,0,0,1,8
1,58848,56493984,,0,0,1,8
1,60041,57638776,,0,0,1,8
1,60041,57638938,,0,0,1,8
1,60041,57639102,,0,0,1,8
1,60041,57639353,,0,0,1,8
1,60042,57639627,,0,0,1,8
1,60042,57639961,,0,0,1,8
1,60042,57640083,,0,0,2,3
1,60042,57640140,,0,0,1,8
1,60042,57640231,,0,0,1,8
1,60043,57640444,,0,0,1,8
1,60043,57640447,,0,0,1,8
1,60043,57640588,,0,0,1,8
1,60043,57640624,,0,0,1,8
1,60043,57640951,,0,0,1,8
1,8932,8573820,,0,0,1,8
1,8932,8574027,,0,0,1,8
1,8932,8574362,,0,0,1,8
1,8932,8574461,,0,0,1,8
1,8932,8574514,,0,0,1,8
1,8932,8574678,,0,0,1,8
1,8933,8575269,,0,0,1,8
1,8933,8575377,,0,0,1,8
1,8934,8575937,,0,0,1,8
1,8934,8576129,,0,0,1,8
1,8934,8576394,,0,0,1,8
1,8935,8577382,,0,0,1,8
1,8935,8577407,,0,0,1,8
1,9015,8653744,,0,0,1,8
1,9015,8653770,,0,0,1,8
1,9015,8653821,,0,0,1,7
1,9015,8653869,,0,0,1,8
1,9015,8654209,,0,0,1,8
1,11481,11021120,,0,0,1,8
1,11481,11021393,,0,0,1,8
1,11481,11021734,,0,0,1,8
1,11481,11021737,,0,0,1,8
1,11481,11021772,,0,0,1,8
1,11482,11022171,,0,0,1,8
1,11482,11022415,,0,0,1,8
1,11482,11022800,,0,0,1,8
1,11483,11022962,,0,0,1,8
1,11483,11023313,,0,0,1,8
1,11483,11023349,,0,0,1,8
1,11484,11023991,,0,0,1,8
1,11484,11024388,,0,0,1,8
1,11484,11024426,,0,0,1,8
1,34019,32657562,,0,0,1,8
1,34019,32657593,,0,0,1,8
1,34019,32657780,,0,0,1,8
1,34020,32658885,,0,0,1,8
1,34020,32659102,,0,0,1,8
1,34671,33283360,,0,0,1,8
1,34671,33283448,,0,0,1,8
1,34671,33283748,,0,0,1,8
1,34671,33283951,,0,0,1,8
1,34672,33284498,,0,0,1,8
1,34672,33284617,,0,0,1,8
1,34672,33284829,,0,0,1,8
1,34673,33285769,,0,0,1,8
1,34673,33285965,,0,0,1,8
1,34673,33286166,,0,0,1,8
1,34674,33286822,,0,0,1,8
1,34675,33287635,,0,0,1,7
1,34675,33287645,,0,0,1,8
1,34675,33287897,,0,0,1,8
1,42356,40661089,,0,0,1,8
1,42356,40661306,,0,0,1,8
1,42356,40661477,,0,0,1,8
1,42356,40661793,,0,0,2,8
1,42357,40661873,,0,0,1,8
1,42357,40661895,,0,0,1,8
1,42357,40661928,,0,0,1,8
1,42357,40661974,,0,0,1,8
1,42357,40662025,,0,0,1,8
1,42357,40662536,,0,0,1,8
1,42357,40662702,,0,0,1,8
1,42357,40662750,,0,0,1,8
1,42357,40662776,,0,0,1,8
1,42358,40663585,,0,0,1,8
1,42358,40663697,,0,0,1,8
1,42359,40663818,,0,0,1,8
1,42359,40663896,,0,0,1,8
1,42359,40664254,,0,0,1,8
1,42359,40664450,,0,0,1,8
1,42359,40664528,,0,0,1,8
1,42359,40664530,,0,0,1,8
1,42360,40665122,,0,0,1,8
1,42360,40665323,,0,0,1,7
1,42360,40665521,,0,0,1,8
1,40066,38462818,,0,0,1,8
1,40066,38462957,,0,0,1,8
1,40066,38463007,,0,0,1,8
1,40067,38463918,,0,0,1,8
1,40067,38464021,,0,0,1,8
1,40067,38464011,,0,0,1,8
1,40067,38464113,,0,0,1,8
1,40067,38464143,,0,0,1,8
1,40067,38464396,,0,0,1,8
1,40068,38464897,,0,0,1,8
1,40068,38465386,,0,0,1,8
1,20124,19318407,,0,0,1,8
1,20125,19319329,,0,0,1,8
1,20542,19719504,,0,0,1,8
1,20542,19719923,,0,0,1,8
1,20543,19721325,,0,0,1,8
1,20543,19721326,,0,0,1,8
1,29485,28305016,,0,0,1,8
1,29485,28305536,,0,0,1,8
1,29485,28305544,,0,0,1,8
1,36061,34617761,,0,0,1,8
1,36061,34618000,,0,0,1,8
1,36062,34618643,,0,0,1,8
1,36062,34618679,,0,0,1,7
1,36062,34618682,,0,0,1,8
1,36062,34618920,,0,0,1,8
1,36062,34619339,,0,0,1,8
1,36062,34619527,,0,0,1,8
1,36063,34619826,,0,0,1,8
1,36063,34620095,,0,0,1,8
1,58197,55868552,,0,0,1,8
1,58198,55869442,,0,0,1,8
1,58198,55869759,,0,0,1,8
1,58199,55870487,,0,0,1,8
1,58199,55870625,,0,0,1,8
1,58200,55871613,,0,0,1,8
1,60128,57722988,,0,0,1,8
1,60129,57723380,,0,0,1,8
1,60129,57723625,,0,0,1,8
1,60129,57723675,,0,0,1,8
1,60129,57723728,,0,0,1,8
1,60129,57723811,,0,0,1,8
1,60130,57724303,,0,0,1,8
1,60130,57724313,,1,0,1,8
1,60130,57724330,,0,0,1,8
1,60766,58334795,,0,0,1,8
1,60767,58335530,,0,0,1,8
1,60767,58336096,,0,0,1,8
1,61931,59453433,,0,1,1,8
1,61931,59453470,,0,0,1,8
1,61932,59454156,,0,0,1,8
1,61933,59455043,,0,0,1,8
1,61933,59455077,,0,0,1,8
1,61933,59455090,,0,0,1,8
1,61933,59455080,,0,0,1,8
1,61933,59455172,,0,0,1,8
1,61933,59455329,,0,0,1,8
1,61933,59455477,,0,0,1,8
1,61933,59455691,,0,0,1,8
1,61933,59455720,,0,0,1,8
1,61933,59455739,,0,0,1,8
1,33144,31817673,,0,0,1,8
1,42775,41063914,,0,0,1,8
1,58282,55949817,,0,0,1,8
1,58282,55949991,,0,0,1,8
1,58282,55949996,,0,0,1,8
1,58282,55950040,,0,0,1,8
1,58282,55950454,,0,0,1,8
1,58282,55950513,,0,0,1,8
1,58282,55950549,,0,0,1,8
1,58282,55950788,,0,0,1,8
1,58283,55950920,,0,0,1,8
1,58283,55951081,,0,0,1,8
1,58283,55951131,,0,0,1,8
1,58283,55951182,,0,0,1,7
1,58283,55951289,,0,0,1,8
1,58283,55951507,,0,0,1,8
1,58283,55951748,,0,0,1,8
1,58284,55952000,,0,0,1,8
1,58284,55952131,,0,0,1,8
1,58284,55952392,,0,0,1,8
1,58284,55952415,,0,0,1,8
1,58285,55952924,,0,0,1,8
1,58285,55952927,,0,0,1,8
1,58285,55953135,,0,0,1,8
1,58285,55953237,,0,0,1,8
1,58285,55953531,,0,0,1,8
1,59091,56726759,,0,0,1,8
1,59091,56726986,,0,0,1,8
1,59091,56727250,,0,0,1,8
1,59092,56727568,,0,0,1,8
1,59092,56727658,,0,0,1,8
1,59092,56727941,,0,0,1,8
1,59092,56728019,,0,0,1,8
1,59093,56728906,,0,0,1,8
1,59094,56730115,,0,0,1,8
1,59094,56730201,,0,0,1,8
1,59094,56730280,,0,0,1,8
1,59095,56730490,,0,0,1,8
1,59095,56730984,,0,0,1,8
1,59095,56731084,,0,0,1,8
1,59095,56731180,,0,0,1,8
1,60632,58206108,,0,0,1,8
1,60632,58206294,,0,0,1,8
1,60633,58207650,,0,0,1,8
1,62281,59789160,,0,0,1,8
1,62281,59789449,,0,0,1,8
1,62281,59789699,,0,0,2,8
1,62282,59789989,,0,0,1,8
1,62282,59790026,,0,1,1,1
1,62282,59790151,,0,0,1,8
1,62282,59790563,,0,0,1,8
1,62283,59791519,,0,0,1,8
1,62283,59791742,,0,0,1,8
1,39831,38237163,,0,0,1,8
1,39831,38237722,,0,0,1,8
1,39832,38238267,,0,0,1,8
1,39832,38238304,,0,0,1,8
1,39833,38239646,,0,0,1,8
1,39833,38239684,,0,0,1,8
1,39834,38240253,,0,0,1,8
1,39834,38240490,,0,0,1,8
1,39834,38240548,,0,0,1,8
1,39956,38356954,,0,2,0,4
1,39957,38357830,,0,0,1,8
1,39957,38357978,,0,0,1,8
1,39957,38358246,,0,0,1,7
1,39957,38358612,,0,0,1,8
1,39957,38358618,,0,0,1,8
1,39958,38359061,,0,0,1,8
1,39958,38359113,,0,0,1,8
1,39958,38359293,,0,0,1,8
1,39958,38359282,,0,0,1,8
1,39958,38359556,,0,0,1,8
1,39959,38360073,,0,0,1,8
1,39959,38360506,,0,0,1,8
1,39959,38360611,,0,0,1,8
1,39959,38360715,,0,0,1,8
1,39960,38360871,,0,0,1,8
1,39960,38361254,,0,0,1,8
1,39960,38361457,,0,0,1,8
1,39960,38361530,,0,0,1,8
1,40069,38465768,,0,0,1,7
1,40070,38466964,,0,0,1,8
1,40070,38467107,,0,0,1,8
1,6150,5903309,,0,0,1,8
1,6150,5903545,,0,0,1,8
1,6150,5903705,,0,0,1,8
1,7591,7286878,,0,0,1,8
1,7592,7288042,,0,0,1,8
1,7592,7288076,,0,0,1,8
1,7592,7288099,,0,0,1,8
1,7592,7288306,,0,0,1,8
1,7593,7288445,,0,0,1,8
1,7593,7288511,,0,0,1,8
1,7593,7288583,,0,0,1,8
1,7593,7288736,,0,0,1,8
1,7593,7288750,,0,0,1,8
1,7593,7288862,,0,0,1,8
1,7593,7289125,,0,0,1,8
1,7594,7289533,,0,0,1,8
1,7594,7289612,,0,0,1,8
1,7594,7289749,,0,0,1,8
1,7594,7289813,,0,0,1,8
1,7595,7290596,,0,0,1,8
1,7595,7291151,,0,0,1,8
1,8856,8501553,,0,0,1,8
1,8856,8501562,,0,0,1,8
1,8856,8501591,,0,0,1,8
1,8857,8501819,,0,0,1,8
1,8857,8501881,,0,0,1,8
1,8857,8502039,,0,0,1,8
1,8857,8502630,,0,0,1,8
1,8857,8502786,,0,0,1,8
1,8857,8502789,,0,0,1,8
1,8858,8503014,,0,0,1,8
1,8858,8503345,,0,0,1,8
1,8858,8503637,,0,0,1,8
1,8858,8503754,,0,0,1,8
1,8859,8504011,,0,0,1,8
1,8859,8504328,,0,0,1,8
1,8859,8504367,,0,0,1,8
1,8859,8504477,,0,0,1,8
1,8859,8504631,,0,0,1,8
1,8860,8505364,,0,0,1,8
1,8860,8505555,,0,0,1,8
1,11716,11246410,,0,0,1,8
1,11716,11246730,,0,0,1,8
1,11716,11247004,,0,0,1,7
1,11971,11491228,,0,0,1,8
1,11971,11491413,,0,0,1,8
1,11971,11492125,,0,0,1,8
1,11973,11493268,,0,0,1,8
1,11973,11493302,,0,0,1,8
1,11973,11493467,,0,0,1,8
1,41053,39410289,,0,0,1,8
1,41053,39410736,,0,0,1,8
1,41053,39410915,,0,0,1,8
1,41054,39411221,,0,0,1,7
1,41054,39411246,,0,0,1,8
1,41054,39411759,,0,0,1,8
1,41178,39530177,,0,0,1,8
1,41178,39530283,,0,0,1,8
1,41179,39531029,,0,0,1,8
1,41179,39531991,,0,0,1,8
1,41180,39532316,,0,0,1,8
1,59631,57245481,,0,0,1,8
1,59631,57245491,,0,0,1,8
1,59634,57248342,,0,0,1,8
1,59634,57248411,,0,0,1,8
1,59634,57248466,,0,0,1,8
1,59634,57248504,,0,0,1,8
1,59634,57248568,,0,0,1,8
1,59635,57249353,,0,0,1,8
1,59725,57335829,,0,0,1,8
1,60240,57829696,,0,0,1,8
1,60240,57829828,,0,0,1,8
1,60240,57830056,,0,0,1,8
1,60240,57830316,,0,0,1,8
1,12758,12247145,,0,0,1,8
1,12758,12247462,,0,0,1,8
1,12758,12247626,,0,0,1,8
1,12760,12248802,,0,0,1,8
1,12760,12248947,,0,0,1,8
1,12760,12249050,,0,0,1,8
1,27927,26809027,,0,0,1,8
1,27929,26811499,,0,0,1,8
1,26260,25208884,,0,0,1,8
1,26260,25209270,,0,0,1,8
1,26260,25209312,,0,0,1,8
1,30086,28882376,,0,0,1,8
1,30087,28883301,,0,0,1,8
1,30087,28883486,,0,0,1,7
1,30088,28883954,,0,0,1,8
1,30088,28884356,,0,0,1,8
1,30088,28884513,,0,0,1,8
1,30089,28885204,,0,0,3,3
1,30089,28885494,,0,0,1,8
1,30089,28885579,,0,0,1,8
1,30090,28885660,,0,0,1,8
1,30090,28886289,,0,0,1,8
1,30090,28886294,,0,0,1,8
1,30241,29030926,,0,0,1,8
1,30242,29031624,,0,0,1,8
1,30242,29031641,,0,0,1,8
1,30242,29031609,,0,0,1,8
1,30242,29031837,,0,0,1,7
1,30243,29032733,,0,0,1,8
1,30243,29032831,,0,0,1,8
1,30243,29032995,,0,0,1,8
1,30243,29033240,,0,0,1,7
1,30244,29033580,,0,0,1,8
1,30244,29033759,,0,0,1,8
1,30381,29165121,,0,0,1,8
1,30381,29165364,,0,2,0,4
1,30381,29165748,,0,0,1,8
1,30384,29168690,,0,0,1,8
1,30384,29168746,,0,0,1,8
1,30385,29168841,,0,0,1,8
1,30385,29168869,,0,0,1,8
1,30385,29169344,,0,0,1,8
1,36076,34632368,,0,0,1,8
1,36076,34632751,,0,0,1,8
1,36076,34632856,,0,0,1,8
1,36077,34633367,,0,0,1,8
1,36077,34633453,,0,0,1,8
1,36077,34633616,,0,0,1,8
1,36077,34633655,,0,0,1,8
1,36077,34633892,,0,0,1,8
1,36320,34866595,,0,0,1,8
1,36320,34866763,,0,0,1,8
1,36320,34866778,,0,0,1,8
1,36320,34867077,,0,0,1,8
1,36320,34867111,,0,0,1,8
1,36320,34867125,,0,0,1,8
1,51494,49433632,,0,0,1,8
1,51494,49433713,,0,0,1,8
1,51494,49434143,,0,0,2,8
1,51494,49434389,,0,0,1,8
1,51495,49434748,,0,0,1,7
1,60396,57979312,,0,0,1,8
1,60396,57980097,,0,0,1,7
1,21924,21046966,,0,0,1,8
1,22416,21518488,,0,0,1,8
1,22417,21519769,,0,0,1,8
1,22417,21520065,,0,0,1,8
1,22417,21520282,,0,0,1,8
1,22418,21520738,,0,0,1,8
1,22418,21521104,,0,0,1,8
1,22418,21521312,,0,0,1,8
1,22419,21521416,,0,0,1,8
1,22419,21521432,,0,0,2,8
1,22419,21521505,,0,0,1,8
1,22419,21521685,,0,0,1,8
1,22428,21530187,,0,0,1,8
1,22428,21530551,,0,0,1,8
1,22428,21530691,,0,0,1,8
1,22428,21530882,,0,0,1,8
1,22429,21531183,,0,0,1,8
1,22429,21531262,,0,0,1,8
1,22429,21531859,,0,0,1,8
1,22429,21531883,,0,0,1,8
1,22430,21532481,,0,0,1,8
1,23011,22089873,,0,0,1,8
1,23011,22090072,,0,0,1,8
1,23011,22090178,,0,0,1,8
1,23011,22090487,,0,0,1,8
1,36078,34634124,,0,0,1,8
1,36078,34634170,,0,0,1,8
1,36078,34634526,,0,0,1,8
1,36079,34635583,,0,0,1,8
1,36080,34636125,,0,0,1,8
1,36080,34636364,,0,0,1,8
1,36080,34636488,,0,0,1,8
1,36080,34636588,,0,0,1,8
1,36187,34738669,,0,0,1,8
1,36187,34738726,,0,0,1,8
1,36187,34739131,,0,0,1,8
1,36187,34739251,,0,0,1,8
1,36187,34739394,,0,0,1,8
1,36190,34742049,,0,0,1,8
1,36190,34742091,,0,0,1,8
1,36316,34862919,,0,0,1,8
1,36316,34863012,,0,0,1,8
1,36317,34863764,,0,0,1,8
1,36317,34864127,,0,0,1,8
1,36317,34864203,,0,0,1,8
1,36186,34737776,,0,0,1,8
1,36186,34737801,,0,0,1,8
1,36186,34737832,,0,0,1,8
1,36186,34737991,,0,0,1,8
1,36186,34738407,,0,0,1,8
1,36188,34739666,,0,0,1,8
1,36188,34740464,,0,0,1,8
1,36189,34741264,,0,0,1,8
1,36318,34864591,,0,0,2,3
1,36318,34864637,,0,0,1,8
1,36318,34864678,,0,0,1,8
1,36318,34865067,,0,0,1,8
1,36318,34865301,,0,0,1,8
1,53563,51419848,,0,0,1,8
1,53563,51419865,,0,0,1,8
1,53563,51419882,,0,0,1,8
1,53563,51420570,,0,0,1,8
1,53564,51420999,,0,0,1,8
1,53564,51421015,,0,0,1,8
1,53564,51421599,,0,0,1,8
