1,196,649940,,0,0,1,8
1,196,650058,,0,0,1,8
1,196,650078,,0,0,1,8
1,196,650303,,0,0,1,8
1,196,650395,,0,0,1,8
1,196,650570,,0,0,1,8
1,196,650702,,0,0,1,8
1,196,650818,,0,0,1,8
1,196,650831,,0,0,1,8
1,196,651434,,0,0,1,8
1,196,651565,,0,0,1,8
1,196,652059,,0,0,1,8
1,196,652101,,0,0,1,8
1,196,652149,,0,0,1,8
1,196,652170,,0,0,1,8
1,196,652253,,0,0,1,8
1,196,652251,,0,0,1,8
1,196,652457,,0,0,1,8
1,196,652822,,0,0,1,8
1,196,652908,,1,0,1,2
1,196,653017,,0,0,1,8
1,196,653184,,0,0,1,8
1,196,653195,,0,0,1,8
1,197,653599,,0,0,1,7
1,197,653778,,0,0,1,8
1,197,653928,,0,0,1,8
1,197,653941,,0,0,1,8
1,197,654061,,0,1,1,1
1,197,654036,,0,0,1,8
1,197,654081,,1,0,1,2
1,197,654153,,0,0,1,8
1,197,654351,,0,0,1,8
1,197,654391,,0,0,1,8
1,197,654433,,0,0,2,3
1,197,654611,,0,0,1,8
1,197,654701,,0,0,1,8
1,197,654719,,0,0,1,8
1,197,654721,,0,0,1,8
1,197,655396,,0,0,1,8
1,197,655450,,0,0,1,8
1,197,655480,,0,0,1,8
1,197,655677,,2,0,0,5
1,197,655767,,0,1,1,1
1,197,656006,,0,0,1,8
1,197,656107,,0,0,1,8
1,197,656139,,0,0,1,8
1,197,656183,,0,0,1,8
1,197,656480,,0,0,1,8
1,197,656495,,0,0,1,8
1,198,656736,,0,0,1,8
1,198,656780,,0,0,1,8
1,198,656826,,0,0,1,8
1,198,656911,,0,0,1,8
1,198,656947,,0,0,1,8
1,198,656944,,0,0,1,8
1,198,657359,,0,0,1,8
1,198,657936,,0,0,1,8
1,198,658008,,0,0,1,8
1,198,658100,,0,0,1,8
1,198,658186,,0,0,1,8
1,198,658392,,0,0,1,8
1,198,658472,,0,0,1,8
1,198,658518,,0,0,1,8
1,198,658627,,0,0,1,8
1,198,658687,,0,0,1,8
1,198,658753,,0,0,1,8
1,198,658858,,0,0,1,8
1,198,658977,,0,0,1,8
1,198,659121,,0,0,1,8
1,198,659201,,0,0,1,8
1,198,659261,,1,0,1,2
1,198,659350,,0,0,1,7
1,198,659564,,1,0,1,2
1,198,659580,,0,0,1,8
1,198,659623,,0,0,1,8
1,198,659646,,0,0,1,8
1,198,659721,,0,0,1,8
1,198,659825,,0,0,1,8
1,198,659900,,0,0,1,8
1,319,1060032,,0,0,1,8
1,319,1060142,,0,0,1,8
1,319,1060340,,0,0,1,8
1,319,1060465,,0,0,1,8
1,319,1060645,,0,0,1,8
1,319,1060798,,0,0,1,8
1,319,1061009,,0,0,1,8
1,319,1061058,,0,0,1,8
1,319,1061033,,0,0,1,8
1,319,1061169,,0,0,1,8
1,319,1061155,,1,1,0,6
1,319,1061760,,1,0,1,2
1,319,1061939,,1,0,1,2
1,319,1062019,,0,0,1,8
1,319,1061988,,0,0,1,8
1,319,1062120,,0,0,1,8
1,319,1062192,,0,0,1,8
1,319,1062632,,0,0,2,3
1,319,1062951,,0,0,1,8
1,319,1063008,,0,0,1,8
1,319,1063046,,0,0,1,8
1,320,1063237,,0,0,1,8
1,320,1063296,,0,0,1,8
1,320,1063418,,0,0,1,8
1,320,1063584,,0,0,2,8
1,320,1063615,,0,0,1,8
1,320,1063611,,0,0,1,8
1,320,1063782,,0,0,1,8
1,320,1064253,,0,0,1,8
1,320,1064258,,0,0,1,7
1,320,1064494,,0,0,1,8
1,320,1064706,,0,0,1,8
1,320,1064857,,0,0,1,8
1,320,1064902,,0,0,1,8
1,320,1064950,,0,1,1,1
1,320,1064981,,0,0,1,8
1,320,1065009,,0,0,1,8
1,320,1065150,,0,0,1,8
1,320,1065327,,0,0,1,8
1,320,1065561,,0,0,1,8
1,320,1065599,,0,0,1,8
1,320,1065755,,0,0,1,8
1,320,1065717,,0,0,2,3
1,320,1065973,,0,0,1,8
1,321,1066708,,0,0,1,8
1,321,1066772,,0,0,1,8
1,321,1066794,,0,0,1,8
1,321,1066835,,1,0,1,2
1,321,1066902,,0,0,1,8
1,321,1066958,,0,0,1,8
1,321,1066983,,0,0,1,8
1,321,1067050,,0,0,1,7
1,321,1067202,,0,0,1,8
1,321,1067260,,0,0,1,8
1,321,1067324,,0,0,1,8
1,321,1067332,,0,0,1,8
1,321,1067407,,0,0,1,8
1,321,1067508,,0,0,1,8
1,321,1067493,,0,0,1,7
1,321,1067500,,0,0,1,8
1,321,1067513,,0,0,1,8
1,321,1067841,,0,0,1,8
1,321,1067911,,0,1,1,1
1,321,1068016,,0,0,1,7
1,321,1068140,,0,0,1,8
1,321,1068176,,0,0,1,8
1,321,1068182,,0,0,1,8
1,321,1068295,,0,0,1,8
1,321,1068649,,0,0,1,8
1,321,1068673,,0,0,1,8
1,321,1069136,,0,0,1,7
1,321,1069129,,0,0,1,8
1,321,1069506,,0,0,1,8
1,321,1069572,,0,1,1,1
1,321,1069881,,0,0,1,7
1,460,1529942,,0,0,1,8
1,460,1530114,,0,0,1,8
1,460,1530530,,0,0,1,7
1,460,1530641,,0,0,1,8
1,460,1530749,,0,0,1,8
1,460,1530782,,2,0,0,5
1,460,1530792,,1,0,1,2
1,460,1530815,,0,0,1,8
1,460,1530830,,0,0,1,7
1,460,1530860,,0,0,1,8
1,460,1530862,,0,0,1,8
1,460,1530971,,0,0,1,8
1,460,1531008,,0,0,1,8
1,460,1531414,,0,0,1,8
1,460,1531450,,0,0,1,8
1,460,1531549,,0,0,1,7
1,460,1531581,,0,0,1,8
1,460,1531701,,0,0,1,8
1,460,1531730,,0,0,1,8
1,460,1531733,,0,1,1,1
1,460,1531785,,0,0,1,8
1,460,1531777,,0,0,1,8
1,460,1531847,,0,0,1,8
1,460,1532338,,0,0,1,8
1,460,1532521,,0,0,1,8
1,460,1532666,,0,0,1,8
1,460,1532694,,0,0,1,8
1,460,1532887,,0,0,1,8
1,460,1532997,,0,0,1,8
1,460,1532993,,0,0,1,8
1,460,1533016,,0,0,1,8
1,460,1533119,,0,0,1,8
1,461,1533181,,0,0,1,8
1,461,1533330,,0,0,1,8
1,461,1533468,,0,0,1,8
1,461,1533424,,0,0,1,8
1,461,1533425,,0,0,1,8
1,461,1533560,,0,0,1,8
1,461,1533612,,1,1,0,6
1,461,1533684,,0,0,1,8
1,461,1533793,,0,0,1,8
1,461,1533812,,0,0,1,8
1,461,1533894,,0,0,1,8
1,461,1533941,,0,0,1,8
1,461,1533913,,0,0,1,8
1,461,1534206,,0,0,1,7
1,461,1534297,,0,0,1,8
1,461,1534414,,0,0,1,8
1,461,1534431,,0,1,1,1
1,461,1534582,,0,0,1,8
1,461,1534605,,1,0,1,2
1,461,1534676,,0,0,1,8
1,461,1534780,,0,0,1,8
1,461,1534796,,0,0,1,8
1,461,1535070,,0,0,1,8
1,461,1535083,,0,0,1,8
1,461,1535135,,0,0,1,8
1,461,1535208,,0,0,1,8
1,461,1535235,,0,0,1,8
1,461,1535227,,1,0,1,2
1,461,1535306,,0,0,1,8
1,461,1535343,,0,0,1,8
1,461,1535945,,0,0,1,8
1,461,1535974,,0,0,1,8
1,461,1536076,,0,0,1,8
1,461,1536123,,0,0,1,8
1,461,1536397,,0,0,1,8
1,462,1536859,,0,0,1,8
1,462,1536919,,0,0,1,8
1,462,1536998,,0,0,1,8
1,462,1537092,,0,0,1,8
1,462,1537109,,1,0,1,8
1,462,1537656,,0,0,1,8
1,462,1537686,,0,0,1,8
1,462,1537720,,0,0,1,8
1,462,1537764,,0,0,1,8
1,462,1537835,,0,0,1,8
1,462,1537945,,0,0,1,8
1,462,1538033,,0,0,1,8
1,462,1538236,,0,0,1,8
1,462,1538342,,0,0,1,8
1,462,1538370,,0,0,1,8
1,462,1538397,,0,0,1,8
1,462,1538485,,0,0,1,8
1,462,1538662,,0,0,1,8
1,462,1538699,,0,0,1,8
1,462,1538712,,0,0,1,8
1,462,1538790,,0,0,1,8
1,462,1539021,,0,0,1,8
1,462,1539043,,0,0,1,8
1,462,1539279,,0,0,1,8
1,462,1539322,,0,0,2,8
1,462,1539682,,0,0,1,8
1,472,1569857,,0,0,1,8
1,472,1569912,,0,0,1,8
1,472,1569980,,0,0,1,8
1,472,1570014,,0,0,1,8
1,472,1570292,,0,0,1,8
1,472,1570259,,0,0,1,8
1,472,1570281,,0,0,1,8
1,472,1570367,,0,0,1,8
1,472,1570415,,0,0,1,8
1,472,1570471,,0,0,1,8
1,472,1570538,,0,0,1,8
1,472,1570529,,0,0,1,8
1,472,1570660,,0,0,1,8
1,472,1570916,,0,0,1,8
1,472,1571000,,0,0,1,8
1,472,1571154,,0,0,1,8
1,472,1571314,,1,0,2,8
1,472,1571462,,0,0,1,8
1,472,1571453,,0,0,1,8
1,472,1571690,,0,0,1,8
1,472,1571700,,0,0,1,7
1,472,1571775,,0,0,1,8
1,472,1571840,,0,0,1,8
1,472,1571862,,0,0,1,8
1,472,1571886,,0,0,1,8
1,472,1571864,,0,0,1,8
1,472,1572082,,0,0,1,8
1,472,1572106,,0,0,2,8
1,472,1572172,,0,0,1,8
1,472,1572581,,0,0,1,7
1,472,1572619,,0,0,1,8
1,472,1572633,,0,0,1,8
1,472,1572824,,0,0,1,8
1,472,1573069,,0,0,2,3
1,472,1573075,,0,0,1,8
1,473,1573204,,0,0,1,8
1,473,1573235,,0,0,1,8
1,473,1573383,,0,0,1,8
1,473,1573748,,0,0,1,8
1,473,1573835,,0,0,1,8
1,473,1573932,,0,0,1,8
1,473,1574376,,0,0,1,7
1,473,1574585,,0,0,1,8
1,473,1574783,,0,0,1,8
1,473,1574796,,0,0,1,8
1,473,1574873,,0,0,1,8
1,473,1575116,,0,0,1,8
1,473,1575217,,2,0,0,5
1,473,1575252,,0,0,1,8
1,473,1575342,,0,0,1,8
1,473,1575505,,0,0,1,8
1,473,1575515,,0,0,1,8
1,473,1575516,,0,0,1,8
1,473,1575646,,0,0,1,8
1,473,1575971,,0,0,1,8
1,473,1576082,,0,0,1,8
1,473,1576136,,0,0,1,8
1,473,1576307,,0,0,1,8
1,473,1576376,,0,0,1,8
1,473,1576386,,0,0,1,8
1,473,1576408,,0,0,1,8
1,473,1576446,,0,0,1,8
1,473,1576460,,0,1,1,1
1,474,1576724,,0,0,1,8
1,474,1576985,,0,0,2,8
1,474,1577057,,0,0,1,8
1,474,1577059,,0,0,1,8
1,474,1577236,,0,0,1,8
1,474,1577550,,0,0,1,8
1,474,1577571,,0,1,1,1
1,474,1577969,,0,0,1,8
1,474,1578178,,0,0,1,8
1,474,1578219,,0,0,1,8
1,474,1578253,,0,0,1,8
1,474,1578323,,0,0,1,8
1,474,1578508,,0,0,1,8
1,474,1578630,,0,0,1,8
1,474,1578635,,0,0,1,8
1,474,1578651,,0,0,1,8
1,474,1578764,,0,1,1,1
1,474,1578975,,1,0,1,2
1,474,1579272,,0,0,1,8
1,474,1579500,,0,0,1,8
1,474,1579513,,0,0,1,8
1,474,1579700,,0,0,1,8
1,484,1610309,,0,0,1,8
1,484,1610341,,0,0,1,8
1,484,1610391,,0,1,1,8
1,484,1610496,,0,0,1,8
1,484,1610560,,0,0,1,8
1,484,1610600,,0,0,1,8
1,484,1610624,,0,0,1,8
1,484,1610774,,0,0,1,8
1,484,1610827,,0,0,1,8
1,484,1610977,,0,1,1,1
1,484,1611206,,0,1,1,1
1,484,1611395,,0,0,2,8
1,484,1611455,,0,0,1,8
1,484,1611468,,0,0,1,8
1,484,1611536,,0,0,1,8
1,484,1611543,,0,0,1,7
1,484,1611625,,0,0,1,8
1,484,1611832,,0,0,1,8
1,484,1611825,,0,0,1,8
1,484,1611998,,0,0,1,8
1,484,1612006,,0,0,1,8
1,484,1612102,,0,0,1,8
1,484,1612133,,0,0,1,7
1,484,1612207,,0,0,1,8
1,484,1612367,,0,0,1,8
1,484,1612472,,0,0,1,8
1,484,1612661,,0,0,1,8
1,484,1612678,,0,0,1,8
1,484,1612855,,0,0,1,8
1,484,1612925,,0,0,1,8
1,484,1612964,,0,0,1,8
1,485,1613174,,0,0,1,8
1,485,1613304,,0,0,1,8
1,485,1613553,,0,0,1,8
1,485,1613571,,0,0,1,8
1,485,1613589,,0,0,1,8
1,485,1613667,,0,0,1,8
1,485,1613717,,0,0,1,8
1,485,1613812,,0,0,1,8
1,485,1613813,,0,0,1,8
1,485,1613849,,0,0,1,7
1,485,1614138,,1,0,1,2
1,485,1614162,,0,0,1,8
1,485,1614210,,0,0,1,8
1,485,1614240,,0,0,1,8
1,485,1614425,,0,0,1,8
1,485,1614409,,0,0,1,8
1,485,1614506,,0,0,1,8
1,485,1614512,,0,0,2,3
1,485,1614717,,0,0,1,8
1,485,1615180,,0,0,1,8
1,485,1615249,,0,0,1,8
1,485,1615337,,0,0,1,8
1,485,1615377,,0,0,1,7
1,485,1615554,,0,0,1,8
1,485,1615562,,1,0,1,2
1,485,1615630,,0,0,1,8
1,485,1615833,,0,0,1,8
1,485,1615916,,0,0,1,8
1,485,1616370,,0,0,1,8
1,485,1616426,,0,0,1,8
1,234,776593,,0,0,1,8
1,234,776848,,1,1,0,6
1,234,776874,,0,0,1,8
1,234,777079,,0,0,1,8
1,234,777421,,0,0,1,8
1,234,777392,,0,0,1,8
1,234,777511,,0,0,1,8
1,234,777516,,0,0,1,7
1,234,777522,,0,0,1,8
1,234,777556,,1,0,1,2
1,234,777702,,0,0,1,8
1,234,777780,,0,0,1,8
1,234,777803,,0,0,1,8
1,234,777889,,0,0,1,7
1,234,778062,,0,0,1,8
1,234,778352,,0,0,1,8
1,234,778467,,0,0,1,8
1,234,778678,,0,0,1,8
1,234,778771,,0,0,1,7
1,234,779037,,0,0,1,8
1,234,779242,,0,0,1,7
1,234,779331,,0,0,1,8
1,234,779568,,0,0,1,8
1,234,779821,,0,0,1,8
1,234,779829,,0,0,1,8
1,234,779882,,0,0,1,8
1,234,779920,,1,0,1,8
1,337,1119911,,0,0,1,7
1,337,1120394,,0,0,1,8
1,337,1120437,,0,0,1,8
1,337,1120508,,0,0,2,3
1,337,1120706,,0,0,1,8
1,337,1120989,,0,0,1,8
1,337,1121160,,0,0,1,8
1,337,1121344,,0,0,2,3
1,337,1121425,,0,0,1,8
1,337,1121438,,0,0,1,8
1,337,1121655,,0,0,1,8
1,337,1121774,,0,0,1,8
1,337,1121949,,0,1,1,1
1,337,1121966,,0,0,1,8
1,337,1122375,,0,0,1,8
1,337,1122458,,0,0,1,8
1,337,1122862,,0,0,1,8
1,337,1122981,,0,0,1,8
1,337,1123084,,0,0,1,8
1,337,1123091,,0,0,1,8
1,337,1123093,,0,0,1,8
1,337,1123144,,0,0,1,8
1,339,1126604,,0,0,1,8
1,339,1126630,,0,0,1,8
1,339,1126750,,0,0,1,8
1,339,1126810,,0,0,1,8
1,339,1126942,,0,0,1,8
1,339,1126919,,0,0,1,8
1,339,1127000,,0,0,1,8
1,339,1127022,,0,0,1,7
1,339,1127039,,0,0,1,8
1,339,1127042,,0,0,1,8
1,339,1127114,,0,0,1,8
1,339,1127167,,0,0,1,8
1,339,1127297,,1,0,1,8
1,339,1127563,,0,0,1,7
1,339,1127584,,0,0,1,8
1,339,1127621,,0,0,1,8
1,339,1127659,,0,0,1,8
1,339,1127707,,0,0,1,8
1,339,1127864,,0,0,1,8
1,339,1127967,,0,0,1,8
1,339,1128037,,0,2,0,4
1,339,1128108,,0,0,1,8
1,339,1128173,,1,1,0,6
1,339,1128264,,0,0,1,8
1,339,1128597,,0,0,1,8
1,339,1128609,,0,1,1,1
1,339,1128634,,0,0,1,8
1,339,1128701,,0,1,1,8
1,339,1128691,,0,0,2,3
1,339,1128768,,0,0,1,8
1,339,1128817,,1,1,0,6
1,339,1128998,,0,0,1,8
1,339,1129043,,0,0,1,7
1,339,1129071,,0,0,1,8
1,339,1129132,,0,0,1,8
1,339,1129230,,0,0,1,8
1,339,1129672,,0,0,1,8
1,339,1129654,,0,0,1,8
1,339,1129726,,0,1,1,8
1,339,1129744,,0,0,1,8
1,347,1153386,,0,0,1,7
1,347,1153374,,0,0,1,8
1,347,1153396,,0,0,1,8
1,347,1153649,,0,0,1,8
1,347,1153776,,0,0,1,8
1,347,1153752,,0,0,1,8
1,347,1153796,,0,0,1,8
1,347,1153889,,0,0,1,8
1,347,1154085,,0,0,1,8
1,347,1154093,,0,0,1,7
1,347,1154113,,0,0,1,7
1,347,1154196,,0,0,1,8
1,347,1154263,,0,0,1,8
1,347,1154302,,0,0,1,8
1,347,1154357,,0,0,1,8
1,347,1154550,,0,2,0,4
1,347,1154699,,0,0,1,8
1,347,1154726,,0,0,1,8
1,347,1154808,,0,0,1,8
1,347,1154806,,0,0,1,8
1,347,1155129,,0,0,1,8
1,347,1155194,,0,0,1,8
1,347,1155181,,0,0,1,8
1,347,1155265,,0,0,1,8
1,347,1155257,,0,0,1,8
1,347,1155466,,0,0,1,8
1,347,1155521,,0,0,1,8
1,347,1155770,,0,0,2,8
1,347,1155835,,0,0,2,8
1,347,1155902,,0,0,1,8
1,347,1156179,,0,0,1,8
1,347,1156260,,0,0,1,8
1,347,1156279,,0,0,1,8
1,347,1156467,,0,0,1,8
1,347,1156516,,0,0,1,8
1,348,1156563,,0,0,1,8
1,348,1156578,,0,0,1,8
1,348,1156914,,0,0,1,8
1,348,1157075,,0,0,1,8
1,348,1157111,,0,0,1,8
1,348,1157298,,0,0,1,8
1,348,1157336,,0,0,1,8
1,348,1157353,,0,0,1,8
1,348,1157453,,0,0,1,8
1,348,1157659,,0,0,1,8
1,348,1157739,,0,0,1,8
1,348,1157813,,1,1,0,6
1,348,1158375,,0,0,1,8
1,348,1158443,,0,0,1,8
1,348,1158599,,0,0,1,8
1,348,1158595,,0,0,1,8
1,348,1158607,,0,0,1,8
1,348,1158772,,0,0,1,8
1,348,1158849,,0,0,1,8
1,348,1158872,,0,0,1,8
1,348,1158862,,0,1,1,1
1,348,1158965,,0,0,1,8
1,348,1159133,,0,0,1,8
1,348,1159329,,0,0,1,8
1,348,1159331,,0,0,1,8
1,348,1159356,,0,0,1,8
1,348,1159775,,0,0,1,8
1,349,1159938,,0,0,1,8
1,349,1160019,,0,0,1,7
1,349,1160079,,1,0,1,2
1,349,1160183,,0,0,1,8
1,349,1160371,,0,0,1,8
1,349,1160652,,0,0,1,8
1,349,1160746,,0,0,1,8
1,349,1160870,,0,0,1,8
1,349,1161228,,0,0,1,8
1,349,1161220,,0,0,2,8
1,349,1161180,,0,0,1,8
1,349,1161372,,0,0,1,8
1,349,1161417,,0,1,1,1
1,349,1161469,,0,0,1,8
1,349,1161523,,0,0,1,8
1,349,1161599,,0,0,1,8
1,349,1161803,,0,0,1,8
1,349,1161892,,0,0,1,8
1,349,1161992,,0,0,1,8
1,349,1162635,,0,0,1,8
1,349,1162756,,0,0,1,8
1,349,1162853,,0,0,1,8
1,349,1162966,,0,0,1,8
1,349,1162970,,0,0,1,8
1,349,1163050,,0,0,2,3
1,349,1162998,,0,0,1,7
1,349,1163174,,0,1,1,1
1,1,71,,0,0,2,3
1,1,83,,0,0,1,8
1,1,371,,0,2,0,4
1,1,396,,0,0,1,8
1,1,434,,0,0,1,8
1,1,580,,0,0,1,8
1,1,729,,0,0,1,8
1,1,825,,0,0,1,8
1,1,1113,,0,0,1,8
1,1,1242,,1,0,1,2
1,1,1275,,0,0,1,8
1,1,1453,,0,0,1,8
1,1,1428,,0,0,1,8
1,1,1662,,0,0,1,8
1,1,1757,,0,0,1,7
1,1,1750,,0,0,1,8
1,1,1880,,0,0,1,8
1,1,1850,,0,0,1,8
1,1,1961,,0,0,1,8
1,1,2018,,0,0,1,8
1,1,2028,,0,0,1,8
1,1,2062,,0,0,1,8
1,1,2143,,0,0,1,8
1,1,2144,,0,0,1,8
1,1,2343,,0,0,1,8
1,1,2367,,0,0,2,3
1,1,2428,,0,0,1,8
1,1,2553,,0,0,1,8
1,1,2586,,0,0,1,8
1,1,2697,,0,0,1,8
1,1,2643,,1,0,1,2
1,1,2693,,0,0,1,8
1,1,2917,,0,0,1,8
1,1,2988,,0,0,1,8
1,1,3077,,0,0,1,8
1,1,3069,,0,0,1,8
1,1,3161,,0,0,1,8
1,1,3129,,0,0,1,8
1,2,3360,,0,0,1,8
1,2,3388,,1,0,1,8
1,2,3413,,0,0,1,8
1,2,3404,,0,0,2,3
1,2,3482,,0,0,1,8
1,2,3506,,0,0,1,8
1,2,3590,,0,0,1,8
1,2,3813,,0,0,1,8
1,2,3856,,0,0,1,8
1,2,3883,,0,0,1,8
1,2,4039,,0,0,1,8
1,2,4093,,0,0,1,8
1,2,4077,,0,0,1,8
1,2,4150,,0,0,1,8
1,2,4784,,0,0,1,8
1,2,4945,,0,0,1,7
1,2,5173,,0,0,1,8
1,2,5153,,1,0,1,2
1,2,5212,,0,0,1,8
1,2,5390,,0,1,1,1
1,2,5458,,1,0,1,2
1,2,5507,,0,0,1,8
1,2,5713,,1,0,1,2
1,2,5767,,0,0,1,8
1,2,5764,,0,0,1,8
1,2,5784,,0,0,1,8
1,2,5868,,0,0,1,8
1,2,5881,,0,0,1,8
1,2,6105,,0,0,1,8
1,2,6296,,0,0,1,8
1,2,6307,,0,0,1,7
1,2,6319,,0,0,1,8
1,2,6439,,0,0,1,8
1,2,6432,,0,0,1,8
1,2,6435,,0,0,1,8
1,3,7250,,0,1,1,1
1,3,7311,,0,0,1,8
1,3,7462,,0,0,1,8
1,3,7621,,0,0,1,8
1,3,7865,,0,0,1,8
1,3,7876,,0,0,1,8
1,3,7960,,0,0,2,3
1,3,8224,,0,0,1,8
1,3,8611,,0,0,1,8
1,3,8688,,1,0,1,2
1,3,8767,,0,0,1,8
1,3,9034,,0,0,1,8
1,3,9201,,0,0,1,8
1,3,9311,,0,0,1,8
1,3,9411,,0,0,1,8
1,3,9375,,0,0,2,8
1,3,9421,,0,0,1,8
1,3,9626,,0,0,1,8
1,3,9672,,0,0,1,8
1,3,9803,,0,0,1,8
1,3,9807,,0,0,1,8
1,10,30177,,0,0,1,8
1,10,30348,,0,0,1,8
1,10,30341,,0,0,1,8
1,10,30406,,0,0,1,8
1,10,30531,,0,0,1,8
1,10,30868,,0,0,1,8
1,10,31007,,0,0,1,8
1,10,31080,,0,0,1,8
1,10,31248,,0,0,1,8
1,10,31301,,0,0,1,8
1,10,31341,,0,0,1,8
1,10,31284,,0,0,1,8
1,10,31337,,0,0,1,8
1,10,31453,,0,0,1,8
1,10,31490,,1,0,1,2
1,10,31497,,0,0,1,8
1,10,31585,,0,1,1,1
1,10,31955,,0,0,1,8
1,10,31977,,0,0,1,8
1,10,32176,,0,0,1,8
1,10,32554,,0,0,1,8
1,10,32632,,0,0,1,8
1,10,32702,,0,0,1,8
1,10,32803,,0,0,1,8
1,10,32985,,0,0,1,8
1,10,32997,,0,0,1,8
1,10,32992,,0,1,1,8
1,10,33120,,0,0,1,8
1,10,33253,,0,0,1,8
1,10,33313,,0,0,1,8
1,10,33321,,0,0,1,8
1,11,33386,,0,0,1,8
1,11,33397,,0,0,1,8
1,11,33439,,0,0,1,8
1,11,33409,,0,0,1,8
1,11,33440,,0,0,1,8
1,11,33525,,0,0,1,8
1,11,33487,,0,0,1,8
1,11,33532,,0,0,1,8
1,11,33681,,2,0,0,5
1,11,33718,,0,0,1,8
1,11,33780,,1,0,1,8
1,11,33825,,0,0,1,7
1,11,33999,,0,1,1,8
1,11,34063,,0,0,2,3
1,11,34237,,0,1,1,1
1,11,34345,,0,0,1,8
1,11,34518,,0,0,1,8
1,11,34674,,0,0,1,8
1,11,34761,,0,2,0,4
1,11,34874,,0,0,1,8
1,11,34975,,0,0,1,8
1,11,35019,,0,0,1,8
1,11,35183,,0,0,1,8
1,11,35185,,0,0,1,8
1,11,35202,,0,0,1,8
1,11,35213,,0,0,1,8
1,11,35266,,0,0,1,8
1,11,35303,,0,0,1,8
1,11,35403,,0,0,1,8
1,11,35514,,0,0,1,8
1,11,35656,,0,0,1,8
1,11,35683,,0,0,1,8
1,11,36180,,0,0,1,8
1,11,36210,,0,0,1,8
1,11,36323,,0,0,1,8
1,11,36409,,0,0,2,3
1,11,36427,,0,0,1,8
1,11,36659,,0,0,1,8
1,12,36665,,0,0,1,8
1,12,36708,,0,0,1,8
1,12,36698,,0,2,0,4
1,12,36757,,0,0,1,8
1,12,37131,,0,0,1,8
1,12,37386,,0,0,1,8
1,12,37481,,0,0,1,8
1,12,37488,,0,0,1,8
1,12,37441,,0,0,1,8
1,12,37844,,0,0,1,8
1,12,37901,,1,0,1,2
1,12,38091,,0,0,1,8
1,12,38304,,0,0,1,8
1,12,38465,,0,0,1,8
1,12,38477,,0,0,1,8
1,12,38535,,0,0,1,7
1,12,38577,,0,0,1,8
1,12,38588,,0,0,1,8
1,12,38893,,0,0,1,8
1,12,38872,,0,0,1,7
1,12,39035,,0,0,1,8
1,12,39372,,0,0,1,8
1,12,39493,,0,0,1,8
1,12,39673,,0,0,1,8
1,12,39682,,0,0,1,7
1,12,39718,,0,0,1,7
1,12,39821,,0,0,1,8
1,12,39980,,0,0,1,8
1,31,100022,,0,0,1,8
1,31,100239,,0,0,1,8
1,31,100262,,0,0,1,8
1,31,100513,,0,0,1,8
1,31,100644,,0,0,1,8
1,31,100743,,0,0,1,8
1,31,100816,,0,0,1,8
1,31,100838,,0,0,1,8
1,31,100879,,0,0,1,8
1,31,100894,,0,0,1,8
1,31,101189,,0,0,1,8
1,31,101263,,0,0,1,7
1,31,101560,,0,0,1,8
1,31,101573,,0,0,1,8
1,31,101663,,0,0,1,8
1,31,101720,,0,0,1,8
1,31,101767,,0,1,1,1
1,31,102148,,0,0,1,8
1,31,102780,,1,0,1,2
1,31,103253,,0,0,1,8
1,32,103386,,0,0,1,8
1,32,103423,,0,0,1,8
1,32,103455,,0,0,1,8
1,32,103487,,0,0,1,8
1,32,103607,,0,0,1,8
1,32,103703,,0,0,1,8
1,32,103781,,2,0,0,5
1,32,103800,,0,0,1,8
1,32,103817,,1,0,1,2
1,32,104130,,0,0,1,8
1,32,104244,,1,0,1,2
1,32,104382,,0,0,2,3
1,32,104480,,0,0,1,8
1,32,104511,,0,0,1,8
1,32,104626,,0,0,1,8
1,32,104635,,0,0,1,7
1,32,104674,,0,0,1,8
1,32,104828,,0,0,1,8
1,32,105081,,0,0,1,8
1,32,105155,,0,0,1,8
1,32,105224,,0,0,1,8
1,32,105173,,0,0,1,8
1,32,105274,,0,0,1,8
1,32,105339,,0,0,1,8
1,32,105535,,0,0,1,8
1,32,105571,,0,0,1,8
1,32,105631,,0,1,1,1
1,32,105678,,0,0,1,8
1,32,105996,,0,0,1,8
1,33,106669,,0,0,1,8
1,33,106835,,0,0,1,8
1,33,106940,,0,0,2,3
1,33,107214,,0,0,1,8
1,33,107325,,0,0,1,8
1,33,107628,,0,0,1,8
1,33,107762,,0,0,1,8
1,33,107745,,0,0,1,8
1,33,107780,,0,0,1,7
1,33,107911,,0,0,1,8
1,33,107947,,0,0,1,8
1,33,108044,,0,0,1,8
1,33,108184,,0,0,1,8
1,33,108235,,0,0,1,8
1,33,108744,,1,0,1,2
1,33,108970,,0,0,1,8
1,33,108988,,0,0,1,8
1,33,108994,,0,0,1,8
1,33,109188,,0,0,1,8
1,33,109382,,0,0,1,8
1,33,109747,,0,0,1,7
1,33,109774,,0,1,1,1
1,33,109794,,0,0,1,7
1,33,109785,,1,1,0,6
1,37,119990,,0,0,1,8
1,37,120119,,0,0,1,8
1,37,120202,,0,0,1,8
1,37,120220,,0,0,1,8
1,37,120370,,0,0,1,8
1,37,120550,,0,0,1,8
1,37,120791,,0,0,1,8
1,37,120835,,0,0,1,8
1,37,120832,,0,0,1,8
1,37,120866,,0,0,1,8
1,37,121108,,0,0,1,8
1,37,121083,,0,0,1,8
1,37,121238,,0,0,1,8
1,37,121297,,0,0,1,8
1,37,121380,,0,0,1,8
1,37,121355,,0,0,1,8
1,37,121485,,0,0,1,8
1,37,121500,,0,0,1,8
1,37,121670,,0,1,1,1
1,37,121758,,0,0,1,8
1,37,121875,,2,0,0,5
1,37,121894,,0,1,1,1
1,37,121918,,0,0,2,3
1,37,122101,,0,0,1,8
1,37,122025,,0,0,1,8
1,37,122142,,0,0,1,8
1,37,122291,,0,0,1,8
1,37,122301,,0,0,1,8
1,37,122393,,0,0,2,8
1,37,122408,,0,0,1,8
1,37,122418,,0,0,1,8
1,37,122769,,0,0,1,8
1,37,122940,,0,0,1,8
1,37,123022,,0,0,1,8
1,37,123015,,0,0,1,8
1,37,123202,,0,0,1,8
1,37,123220,,0,1,1,1
1,37,123252,,0,0,1,8
1,37,123278,,0,2,0,4
1,37,123316,,0,0,1,8
1,38,123345,,0,0,1,8
1,38,123459,,0,1,1,1
1,38,123511,,0,0,1,8
1,38,123544,,0,0,1,8
1,38,123586,,0,0,2,3
1,38,123604,,0,0,1,8
1,38,123866,,0,0,1,8
1,38,124044,,0,0,1,8
1,38,124094,,0,0,2,8
1,38,124301,,0,0,1,8
1,38,124306,,0,0,1,7
1,38,124622,,0,0,1,8
1,38,124718,,1,0,1,2
1,38,124930,,0,0,1,8
1,38,124950,,0,0,1,8
1,38,125112,,0,0,1,8
1,38,125195,,0,0,1,8
1,38,125249,,0,0,1,8
1,38,125367,,0,0,1,8
1,38,125451,,0,0,1,8
1,38,125501,,0,0,1,8
1,38,125776,,0,0,1,8
1,38,125799,,0,0,1,8
1,38,125967,,0,0,1,8
1,38,126139,,0,0,1,8
1,38,126145,,0,0,1,8
1,38,126320,,0,0,1,8
1,38,126361,,0,0,1,8
1,39,126694,,0,0,1,8
1,39,126748,,0,0,1,8
1,39,126760,,0,0,1,7
1,39,126824,,0,0,1,8
1,39,127092,,0,0,1,8
1,39,127050,,0,0,2,3
1,39,127388,,0,0,1,8
1,39,127462,,0,0,1,8
1,39,127557,,1,1,0,6
1,39,127582,,0,0,1,8
1,39,127745,,0,0,1,8
1,39,127699,,0,0,1,8
1,39,127724,,0,0,1,8
1,39,127716,,0,0,1,8
1,39,127910,,0,0,1,8
1,39,127937,,0,0,1,8
1,39,127931,,0,0,1,8
1,39,127998,,0,0,1,7
1,39,127976,,0,0,1,7
1,39,127973,,0,0,1,8
1,39,128076,,0,0,1,8
1,39,128149,,0,0,1,8
1,39,128349,,1,0,1,2
1,39,128448,,0,0,1,8
1,39,128482,,0,0,1,8
1,39,128483,,0,0,1,8
1,39,128565,,0,0,1,8
1,39,128524,,0,0,1,8
1,39,128597,,0,0,1,8
1,39,128585,,0,0,1,8
1,39,128697,,0,0,1,8
1,39,128731,,0,0,2,3
1,39,128686,,0,0,1,8
1,39,128751,,0,0,1,8
1,39,128870,,0,0,1,8
1,39,128938,,0,0,1,8
1,39,128958,,0,0,2,3
1,39,129088,,0,0,1,8
1,39,129201,,0,0,1,8
1,39,129236,,0,0,1,8
1,39,129254,,0,0,1,8
1,39,129206,,0,0,2,3
1,39,129399,,0,0,1,8
1,39,129628,,1,0,1,2
1,39,129872,,0,0,1,8
1,39,129976,,0,0,1,8
1,40,130201,,0,0,1,8
1,40,130600,,0,0,1,8
1,40,130538,,0,0,1,8
1,40,130750,,0,0,1,8
1,40,131236,,0,0,1,8
1,40,131289,,0,0,1,8
1,40,131435,,0,0,1,8
1,40,131468,,0,0,1,8
1,40,131721,,0,0,1,8
1,40,131987,,0,0,1,8
1,40,131991,,0,0,1,8
1,40,132060,,0,0,1,8
1,40,132417,,1,0,1,2
1,40,132435,,1,0,1,8
1,40,132558,,0,0,1,8
1,40,132768,,1,0,1,8
1,40,133108,,0,0,1,8
1,41,133486,,0,0,1,7
1,41,133638,,0,0,1,8
1,41,133722,,0,0,1,8
1,41,133791,,0,0,1,8
1,41,134070,,0,0,1,8
1,41,134330,,0,0,1,8
1,41,134376,,0,0,1,8
1,41,134567,,0,0,1,8
1,41,134799,,0,1,1,1
1,41,134839,,0,0,1,8
1,41,134894,,0,0,1,8
1,41,135077,,0,0,1,8
1,41,135185,,0,0,1,8
1,41,135236,,0,0,1,8
1,41,135237,,0,0,1,8
1,41,135476,,0,0,1,8
1,41,135533,,1,0,1,2
1,41,135495,,0,0,1,8
1,41,135530,,0,0,1,8
1,41,135673,,1,0,1,2
1,41,135645,,0,0,1,8
1,41,135790,,0,0,1,8
1,41,135908,,0,0,1,8
1,41,136094,,0,0,1,8
1,41,136199,,0,0,1,8
1,41,136243,,0,0,1,8
1,41,136365,,0,0,1,8
1,41,136429,,1,0,1,8
1,41,136557,,0,0,1,8
1,41,136570,,0,0,1,8
1,175,580005,,0,0,1,8
1,175,579994,,0,0,1,8
1,175,580087,,0,0,1,8
1,175,580289,,0,0,1,8
1,175,580345,,0,0,1,8
1,175,580388,,0,0,1,8
1,175,580569,,0,0,1,8
1,175,580797,,0,0,1,8
1,175,580823,,0,0,1,8
1,175,580840,,0,0,1,8
1,175,580913,,0,0,1,8
1,175,581074,,0,0,1,8
1,175,581212,,0,2,1,1
1,175,581370,,0,0,1,8
1,175,581347,,0,0,1,8
1,175,581549,,0,0,1,8
1,175,581561,,0,0,1,8
1,175,581633,,0,1,1,8
1,175,581675,,0,0,1,8
1,175,582002,,0,0,1,8
1,175,582027,,0,0,1,8
1,175,582061,,0,0,1,8
1,175,582079,,0,0,1,8
1,175,582327,,0,0,1,8
1,175,582350,,0,0,1,8
1,175,582311,,0,0,1,7
1,175,582369,,0,1,1,1
1,175,582624,,1,0,1,2
1,175,582622,,0,0,1,8
1,175,582718,,0,0,1,8
1,175,582713,,1,0,1,2
1,175,582836,,0,0,1,8
1,175,582892,,0,0,1,8
1,175,582970,,0,0,1,8
1,175,583042,,0,0,1,8
1,175,583105,,0,0,1,8
1,175,583260,,0,0,1,8
1,175,583182,,0,1,1,1
1,176,583416,,0,0,1,8
1,176,583671,,0,0,1,8
1,176,583754,,0,0,1,8
1,176,583826,,0,0,1,8
1,176,584013,,0,2,0,4
1,176,584060,,0,0,1,8
1,176,584288,,0,0,1,8
1,176,584269,,0,0,1,7
1,176,584449,,0,0,1,8
1,176,584513,,0,0,1,8
1,176,584483,,0,0,1,8
1,176,584614,,1,0,1,2
1,176,584636,,0,0,1,8
1,176,584710,,0,0,1,8
1,176,584813,,0,0,1,8
1,176,584924,,0,0,1,8
1,176,584964,,0,0,1,8
1,176,584977,,0,0,1,8
1,176,585196,,1,0,1,2
1,176,585195,,0,0,1,8
1,176,585294,,0,0,1,8
1,176,585313,,0,0,1,8
1,176,585587,,0,0,1,8
1,176,585700,,0,0,1,8
1,176,585692,,0,0,1,8
1,176,585716,,0,0,1,8
1,176,585776,,0,0,1,8
1,176,585823,,0,0,1,7
1,176,585972,,1,1,0,6
1,176,585928,,0,0,2,8
1,176,586003,,0,1,1,1
1,176,586332,,0,0,1,8
1,176,586418,,0,0,1,8
1,177,586647,,0,0,1,8
1,177,586629,,0,0,1,8
1,177,586636,,0,0,1,8
1,177,586695,,0,0,1,8
1,177,586706,,2,0,0,5
1,177,586724,,0,0,1,8
1,177,586823,,0,0,1,7
1,177,586949,,0,0,1,8
1,177,586969,,0,0,1,8
1,177,587068,,0,0,1,8
1,177,587071,,0,0,1,8
1,177,587145,,0,0,1,8
1,177,587199,,0,0,1,8
1,177,587410,,0,0,1,8
1,177,587667,,0,0,1,8
1,177,587662,,0,0,1,8
1,177,587698,,0,0,1,8
1,177,587840,,2,0,0,5
1,177,587845,,0,0,1,8
1,177,587859,,0,0,1,8
1,177,587916,,0,0,1,8
1,177,587936,,0,0,1,8
1,177,587957,,0,0,1,8
1,177,587993,,0,0,1,8
1,177,588330,,0,0,1,8
1,177,588334,,0,0,1,8
1,177,588369,,0,0,1,8
1,177,588398,,0,0,1,8
1,177,588468,,0,0,1,8
1,177,588612,,0,0,1,8
1,177,588887,,0,0,1,8
1,177,588933,,0,0,1,7
1,177,588974,,0,0,1,8
1,177,588993,,0,0,1,8
1,177,588998,,0,0,1,8
1,177,589105,,0,1,1,1
1,177,589230,,0,0,1,8
1,177,589280,,0,0,1,8
1,177,589295,,0,0,1,8
1,177,589500,,0,0,1,8
1,177,589804,,0,0,1,8
1,177,589863,,0,0,1,8
1,274,910040,,0,0,1,8
1,274,910103,,0,0,1,8
1,274,910091,,0,0,1,8
1,274,910236,,0,0,1,8
1,274,910326,,0,0,1,8
1,274,910495,,0,0,1,8
1,274,910727,,0,0,1,8
1,274,910941,,0,0,1,8
1,274,910953,,0,0,1,8
1,274,910925,,0,0,1,8
1,274,910997,,0,0,1,7
1,274,911412,,0,0,1,8
1,274,911558,,0,0,1,8
1,274,911623,,0,0,1,8
1,274,911780,,0,0,1,8
1,274,911864,,0,0,1,8
1,274,911921,,0,0,1,8
1,274,912081,,0,0,1,8
1,274,912262,,0,0,1,8
1,274,912261,,0,0,1,8
1,274,912296,,0,0,1,8
1,274,912693,,0,0,1,8
1,274,912946,,0,0,1,8
1,274,912991,,1,0,1,2
1,274,913105,,0,0,1,8
1,274,913221,,0,0,1,8
1,292,969923,,0,0,1,8
1,292,970227,,0,0,1,8
1,292,970225,,0,0,1,8
1,292,970259,,0,0,1,8
1,292,970553,,0,0,1,8
1,292,970655,,0,0,1,8
1,292,970717,,0,0,1,8
1,292,970923,,0,0,1,8
1,292,970941,,0,0,1,8
1,292,971170,,0,0,1,8
1,292,971279,,0,0,1,8
1,292,971319,,0,0,1,8
1,292,971336,,0,0,1,7
1,292,971393,,0,0,1,8
1,292,971436,,0,0,1,8
1,292,971596,,0,0,2,3
1,292,971573,,0,0,1,8
1,292,971625,,0,0,1,8
1,292,971703,,0,0,1,8
1,292,971957,,0,0,1,8
1,292,972145,,0,0,1,8
1,292,972595,,0,0,1,7
1,292,972600,,0,0,1,8
1,292,972836,,0,0,1,8
1,293,973329,,0,0,2,3
1,293,973359,,0,0,1,8
1,293,973442,,0,0,1,8
1,293,973489,,0,0,1,8
1,293,973617,,1,1,0,6
1,293,973744,,0,0,1,8
1,293,973748,,0,0,1,8
1,293,973833,,0,0,2,3
1,293,974103,,0,1,1,1
1,293,974147,,0,0,1,8
1,293,974264,,0,0,1,8
1,293,974412,,0,0,1,8
1,293,975010,,0,0,1,8
1,293,975175,,0,0,1,8
1,293,975230,,0,0,1,8
1,293,975300,,0,0,1,8
1,293,975398,,0,0,1,8
1,293,975410,,0,0,1,8
1,293,975444,,0,0,1,8
1,293,975604,,0,0,1,8
1,293,975656,,0,0,1,7
1,293,975707,,0,0,1,8
1,293,975728,,0,0,1,8
1,293,975752,,0,0,1,8
1,293,975983,,0,1,1,1
1,293,975990,,0,0,1,8
1,293,976065,,0,0,1,8
1,293,976143,,0,0,1,8
1,187,619969,,0,0,1,7
1,187,620282,,0,0,1,8
1,187,620384,,0,0,1,8
1,187,620404,,0,1,1,1
1,187,620486,,0,0,1,8
1,187,620507,,0,0,1,8
1,187,620496,,0,0,1,8
1,187,620552,,0,0,1,8
1,187,620603,,1,0,1,2
1,187,620832,,0,0,1,8
1,187,620887,,0,0,1,7
1,187,620922,,0,0,1,8
1,187,621109,,0,0,2,3
1,187,621307,,0,0,1,8
1,187,621478,,0,0,2,8
1,187,621749,,0,0,1,8
1,187,621871,,0,0,1,8
1,187,622123,,0,0,1,8
1,187,622404,,0,0,1,8
1,187,622429,,0,0,1,8
1,187,622501,,0,0,1,8
1,187,622528,,0,0,1,8
1,187,622700,,0,0,1,8
1,187,622727,,0,0,1,8
1,187,622838,,0,0,1,7
1,187,623077,,0,0,1,8
1,187,623125,,0,0,1,8
1,187,623171,,1,0,1,2
1,188,623320,,0,0,1,8
1,188,623625,,0,0,1,8
1,188,623746,,0,0,1,8
1,188,623715,,1,0,1,2
1,188,623826,,0,0,1,8
1,188,623866,,0,0,1,8
1,188,623913,,0,0,1,8
1,188,623975,,0,0,1,8
1,188,624493,,0,0,1,8
1,188,624477,,0,0,1,8
1,188,624548,,0,0,1,8
1,188,624656,,0,0,1,8
1,188,624705,,0,0,1,8
1,188,624741,,0,0,1,8
1,188,624822,,0,0,1,8
1,188,624842,,0,0,1,8
1,188,624901,,0,0,1,8
1,188,625105,,0,0,1,8
1,188,625117,,0,0,1,8
1,188,625205,,0,0,1,8
1,188,625251,,0,0,1,8
1,188,625385,,0,0,1,8
1,188,625440,,0,0,1,8
1,188,625418,,0,0,1,8
1,188,625455,,0,0,1,8
1,188,625464,,0,0,1,8
1,188,625627,,0,0,1,8
1,188,625661,,0,0,1,8
1,188,625643,,0,0,1,8
1,188,625867,,0,0,1,8
1,188,626030,,0,0,1,8
1,188,626105,,0,0,1,8
1,188,626230,,0,0,1,8
1,189,626632,,0,1,1,1
1,189,626799,,0,0,1,7
1,189,627006,,0,0,1,8
1,189,627159,,0,0,1,8
1,189,627323,,0,2,0,4
1,189,627457,,0,0,1,8
1,189,627569,,0,0,1,8
1,189,627705,,0,0,2,3
1,189,627697,,0,0,1,8
1,189,627667,,0,0,1,8
1,189,627761,,0,0,1,8
1,189,627942,,0,0,1,8
1,189,628071,,0,0,1,8
1,189,628255,,0,0,1,8
1,189,628445,,0,0,1,8
1,189,628480,,0,0,1,8
1,189,628535,,0,0,1,8
1,189,628739,,0,0,1,8
1,189,628778,,0,0,1,8
1,189,628769,,0,0,1,7
1,189,628798,,0,0,1,8
1,189,628865,,0,0,1,8
1,189,629093,,0,0,1,8
1,189,629204,,0,1,1,1
1,189,629178,,0,0,1,8
1,189,629717,,0,0,1,8
1,189,629755,,0,0,1,8
1,247,819992,,0,0,1,8
1,247,819987,,0,0,1,8
1,247,820003,,0,0,1,8
1,247,820033,,0,0,1,8
1,247,820101,,0,0,1,8
1,247,820118,,0,0,1,8
1,247,820209,,0,0,1,8
1,247,820340,,0,0,1,8
1,247,820456,,0,0,1,8
1,247,820435,,0,0,1,8
1,247,820566,,0,0,1,8
1,247,820649,,0,0,1,8
1,247,820615,,0,0,1,7
1,247,820686,,0,0,1,7
1,247,820722,,0,0,1,8
1,247,821051,,0,0,1,8
1,247,821207,,0,0,1,7
1,247,821310,,0,0,1,8
1,247,821406,,0,0,1,8
1,247,821509,,0,0,1,7
1,247,821721,,0,0,1,8
1,247,821722,,0,0,1,8
1,247,822020,,0,0,1,8
1,247,822121,,0,0,1,8
1,247,822326,,0,0,1,8
1,247,822351,,0,0,1,8
1,247,822606,,0,0,1,8
1,247,822679,,0,0,1,8
1,247,822753,,0,0,1,8
1,247,822806,,0,0,1,8
1,247,823012,,0,0,1,8
1,247,823144,,0,0,1,8
1,247,823164,,0,0,1,8
1,248,823438,,0,0,1,8
1,248,823455,,0,0,1,8
1,248,823502,,0,0,1,8
1,248,823576,,0,0,1,8
1,248,823779,,0,0,1,8
1,248,823847,,0,0,1,8
1,248,824205,,0,0,1,8
1,248,824201,,0,0,2,3
1,248,824244,,0,0,2,3
1,248,824242,,0,0,1,8
1,248,824477,,0,0,1,8
1,248,824806,,0,0,1,8
1,248,824820,,0,0,1,8
1,248,824868,,0,0,1,8
1,248,824924,,0,0,1,8
1,248,824951,,0,0,1,8
1,248,824955,,0,0,1,8
1,248,825031,,0,0,1,8
1,248,825204,,0,0,1,8
1,248,825300,,0,0,1,8
1,248,825332,,0,0,2,8
1,248,825406,,0,0,1,8
1,248,825459,,0,0,1,8
1,248,825486,,0,0,1,7
1,248,825599,,0,0,1,8
1,248,825878,,0,0,1,8
1,248,825904,,0,0,1,8
1,248,825937,,0,0,1,8
1,248,825943,,0,0,1,8
1,248,826032,,2,0,0,5
1,248,826031,,0,0,1,8
1,248,826382,,0,0,1,8
1,248,826521,,0,1,1,1
1,249,826684,,0,0,1,8
1,249,826678,,0,0,1,8
1,249,827083,,0,0,1,8
1,249,827185,,1,1,0,6
1,249,827206,,0,0,1,8
1,249,827245,,0,0,1,8
1,249,827317,,0,0,1,8
1,249,827406,,0,0,1,8
1,249,827561,,0,0,1,8
1,249,827566,,0,0,1,8
1,249,827717,,0,0,1,8
1,249,827879,,0,0,1,8
1,249,828087,,0,0,1,8
1,249,828167,,0,0,1,8
1,249,828225,,0,0,1,8
1,249,828302,,0,0,1,8
1,249,828448,,0,1,1,1
1,249,828506,,0,0,1,8
1,249,828466,,0,0,1,8
1,249,828545,,0,0,1,8
1,249,828624,,0,0,1,8
1,249,828811,,0,0,1,8
1,249,828941,,0,0,1,8
1,249,829096,,0,0,1,8
1,249,829446,,1,0,1,8
1,249,829551,,0,0,1,8
1,249,829530,,0,0,1,8
1,275,913254,,0,0,1,8
1,275,913281,,0,0,1,8
1,275,913245,,0,0,1,8
1,275,913395,,0,0,1,8
1,275,913568,,0,0,1,8
1,275,913580,,0,0,1,8
1,275,913599,,0,0,1,8
1,275,913659,,0,0,1,8
1,275,913675,,0,0,2,8
1,275,913724,,0,0,1,8
1,275,913797,,0,0,1,8
1,275,913853,,0,0,1,8
1,275,913861,,0,0,1,8
1,275,914208,,0,0,1,8
1,275,914296,,0,0,1,8
1,275,914392,,0,0,1,8
1,275,914436,,0,0,1,8
1,275,914606,,0,0,1,8
1,275,914720,,0,0,1,8
1,275,914829,,0,0,1,7
1,275,914786,,0,0,1,8
1,275,915031,,0,0,1,7
1,275,915301,,0,0,1,8
1,275,915311,,0,0,1,8
1,275,915563,,0,0,1,8
1,275,915827,,0,0,1,8
1,275,915889,,0,0,1,8
1,275,915937,,0,0,1,8
1,275,915966,,0,0,1,7
1,275,916127,,1,1,0,6
1,275,916219,,0,0,1,8
1,275,916362,,0,0,1,8
1,276,916600,,0,0,1,8
1,276,916673,,0,1,1,8
1,276,916703,,0,0,1,8
1,276,916783,,0,0,1,8
1,276,916857,,0,0,1,8
1,276,917022,,0,0,1,8
1,276,917072,,0,0,1,8
1,276,917068,,0,0,1,8
1,276,917175,,0,0,1,8
1,276,917205,,0,0,1,8
1,276,917264,,1,0,1,2
1,276,917282,,0,0,1,8
1,276,917351,,0,0,1,8
1,276,917513,,0,0,1,8
1,276,917661,,0,0,1,8
1,276,917695,,0,0,1,8
1,276,917778,,0,0,1,7
1,276,917853,,0,0,1,8
1,276,918154,,0,0,1,8
1,276,918114,,0,0,1,8
1,276,918247,,0,0,1,8
1,276,918363,,0,0,1,8
1,276,918497,,0,0,2,3
1,276,918624,,0,0,1,8
1,276,918736,,0,0,1,8
1,276,918857,,0,0,1,8
1,276,919013,,0,0,1,8
1,276,919201,,0,0,2,3
1,276,919283,,0,0,1,8
1,276,919325,,0,0,1,8
1,276,919669,,0,0,1,8
1,276,919873,,0,0,1,8
1,276,919901,,0,0,1,8
1,34,110299,,0,0,2,8
1,34,110486,,0,0,1,8
1,34,110531,,0,0,2,8
1,34,111048,,0,0,1,8
1,34,111086,,0,0,1,8
1,34,111187,,0,0,1,8
1,34,111202,,0,0,1,8
1,34,111270,,0,0,1,8
1,34,111356,,0,0,2,3
1,34,111525,,0,0,1,8
1,34,111983,,0,0,1,8
1,34,112129,,0,0,1,8
1,34,112140,,0,0,1,8
1,34,112174,,0,0,1,8
1,34,112189,,0,0,1,8
1,34,112233,,0,0,1,8
1,34,112319,,0,0,1,8
1,34,112873,,0,0,1,8
1,34,112887,,0,0,1,8
1,34,113210,,0,0,1,8
1,35,113514,,0,0,1,8
1,35,113534,,0,0,1,8
1,35,113980,,0,0,1,8
1,35,114032,,0,0,1,8
1,35,114232,,0,1,1,7
1,35,114257,,0,0,1,8
1,35,114241,,0,0,1,8
1,35,114385,,0,0,1,8
1,35,114407,,0,0,1,8
1,35,114456,,0,0,1,8
1,35,114478,,0,0,1,8
1,35,114712,,0,0,1,8
1,35,114838,,0,0,1,8
1,35,115049,,0,0,1,7
1,35,115062,,0,0,1,8
1,35,115131,,0,0,1,8
1,35,115923,,0,0,1,8
1,35,115950,,0,0,1,8
1,35,116229,,0,0,1,7
1,35,116261,,0,0,1,8
1,35,116523,,0,0,1,8
1,35,116507,,0,0,2,3
1,35,116645,,0,0,1,8
1,36,116696,,0,0,1,8
1,36,116669,,0,0,1,8
1,36,116764,,0,0,1,8
1,36,116755,,0,0,1,8
1,36,116877,,0,0,1,8
1,36,117062,,0,2,0,4
1,36,117230,,0,0,1,8
1,36,117248,,0,0,1,7
1,36,117319,,0,0,1,8
1,36,117424,,0,0,1,8
1,36,117547,,1,0,1,2
1,36,117665,,0,0,1,7
1,36,117692,,0,1,1,8
1,36,117715,,0,0,1,8
1,36,117888,,0,2,0,4
1,36,117904,,0,0,1,8
1,36,117957,,0,0,1,8
1,36,118517,,0,0,1,8
1,36,118578,,0,0,1,8
1,36,118593,,0,0,1,8
1,36,118677,,0,0,1,8
1,36,119325,,0,0,1,8
1,36,119393,,0,0,1,8
1,36,119417,,0,0,1,8
1,36,119505,,0,0,1,8
1,36,119563,,0,0,1,7
1,36,119630,,0,0,1,8
1,36,119840,,0,0,1,8
1,178,589979,,0,0,2,3
1,178,590177,,0,0,1,8
1,178,590197,,0,0,1,8
1,178,590293,,0,0,1,8
1,178,590292,,0,0,1,8
1,178,590487,,0,0,1,8
1,178,590638,,0,0,1,8
1,178,590670,,0,0,1,8
1,178,590676,,0,0,1,8
1,178,591041,,0,0,1,8
1,178,591435,,0,0,1,8
1,178,591481,,0,0,1,8
1,178,591568,,0,0,1,8
1,178,591573,,0,0,1,8
1,178,591600,,0,1,1,1
1,178,591682,,0,0,1,8
1,178,591721,,0,0,1,8
1,178,591769,,0,0,1,8
1,178,591798,,0,0,1,8
1,178,591875,,0,0,1,8
1,178,591893,,0,2,0,4
1,178,592053,,0,0,1,8
1,178,592067,,0,0,1,8
1,178,592663,,0,0,1,7
1,178,592673,,0,0,1,8
1,178,592847,,0,0,1,8
1,178,592869,,0,1,1,1
1,178,592942,,0,0,1,8
1,178,593041,,0,0,1,8
1,178,593046,,0,0,1,8
1,178,593165,,0,0,1,7
1,179,593347,,0,0,1,8
1,179,593356,,0,0,1,8
1,179,593369,,0,0,1,8
1,179,593433,,0,0,1,8
1,179,593481,,0,0,1,8
1,179,593599,,0,0,1,8
1,179,593680,,0,0,1,8
1,179,593679,,0,0,1,8
1,179,593757,,0,0,1,8
1,179,593791,,0,0,1,8
1,179,594051,,0,0,1,8
1,179,594287,,0,0,1,8
1,179,594400,,0,0,1,8
1,179,594450,,0,0,1,8
1,179,594451,,0,0,1,8
1,179,594447,,1,0,1,2
1,179,594805,,0,0,1,8
1,179,594846,,0,0,1,8
1,179,594957,,0,0,1,7
1,179,594971,,0,0,1,8
1,179,595114,,0,0,1,8
1,179,595117,,0,0,1,8
1,179,595211,,0,0,1,8
1,179,595338,,0,0,1,8
1,179,595423,,0,0,1,8
1,179,595469,,0,0,1,8
1,179,595616,,0,0,1,8
1,179,595895,,0,0,1,8
1,179,595918,,0,0,1,8
1,179,595940,,1,0,1,2
1,179,595966,,0,0,1,8
1,179,596078,,0,0,1,8
1,179,596069,,0,0,2,3
1,179,596300,,0,0,1,8
1,179,596455,,0,0,1,8
1,179,596575,,1,0,1,2
1,180,596643,,0,0,1,8
1,180,596675,,0,0,2,3
1,180,596653,,0,0,1,8
1,180,596809,,0,0,1,8
1,180,596804,,0,0,1,8
1,180,596866,,0,0,1,8
1,180,596913,,0,0,1,8
1,180,597112,,1,0,1,8
1,180,597178,,0,0,1,8
1,180,597295,,0,0,1,8
1,180,597353,,0,0,1,8
1,180,597314,,0,0,1,8
1,180,597325,,0,0,1,8
1,180,597642,,1,0,1,2
1,180,597711,,0,0,1,8
1,180,597786,,1,0,1,2
1,180,598008,,0,0,1,8
1,180,597964,,0,0,1,8
1,180,598022,,0,0,1,8
1,180,598204,,0,0,1,8
1,180,598304,,0,0,1,8
1,180,598299,,0,0,1,8
1,180,598399,,0,0,1,8
1,180,598523,,0,0,1,8
1,180,598540,,0,0,1,8
1,180,598572,,0,0,1,8
1,180,598589,,0,0,1,8
1,180,598991,,0,0,1,8
1,180,599089,,0,0,1,8
1,180,599189,,0,0,2,3
1,180,599289,,0,0,1,8
1,180,599518,,0,0,1,8
1,180,599532,,0,0,1,8
1,180,599620,,0,0,1,8
1,180,599677,,0,0,1,8
1,180,599752,,0,0,1,8
1,180,599832,,0,0,1,8
1,180,599875,,0,0,1,8
1,180,599912,,1,0,1,2
1,193,639983,,0,0,1,8
1,193,640198,,0,0,1,8
1,193,640208,,0,0,1,8
1,193,640293,,0,0,1,8
1,193,640457,,0,0,2,3
1,193,640561,,0,0,1,8
1,193,640705,,0,0,1,8
1,193,640794,,0,0,1,8
1,193,640802,,0,0,1,8
1,193,640805,,0,0,1,8
1,193,640844,,0,0,1,8
1,193,641014,,0,0,2,3
1,193,641316,,0,0,1,8
1,193,641416,,0,0,1,8
1,193,641527,,0,0,1,8
1,193,641593,,0,0,1,8
1,193,641560,,0,0,1,8
1,193,641808,,0,0,1,8
1,193,641821,,0,0,1,7
1,193,641941,,0,0,1,8
1,193,641951,,0,0,1,8
1,193,642076,,0,0,1,8
1,193,642090,,0,0,1,8
1,193,642140,,0,1,1,1
1,193,642267,,0,0,1,8
1,193,642278,,0,0,1,8
1,193,642455,,0,0,1,8
1,193,642616,,0,0,1,8
1,193,642643,,0,0,1,8
1,193,642714,,0,0,1,8
1,193,642943,,0,0,1,8
1,193,642974,,0,0,1,8
1,193,643001,,0,0,1,8
1,193,643069,,0,0,1,8
1,193,643133,,0,0,1,8
1,193,643166,,0,0,1,8
1,193,643171,,0,0,1,8
1,194,643411,,0,0,1,8
1,194,643539,,1,0,1,2
1,194,643769,,0,0,1,8
1,194,643897,,0,0,1,8
1,194,643951,,0,0,1,8
1,194,643972,,0,0,1,8
1,194,644118,,0,0,1,8
1,194,644225,,0,0,1,8
1,194,644849,,0,0,1,8
1,194,644814,,0,0,1,8
1,194,644931,,0,0,1,8
1,194,645013,,0,0,1,7
1,194,645124,,0,0,1,8
1,194,645205,,0,0,1,8
1,194,645389,,0,0,1,8
1,194,645494,,0,1,1,1
1,194,645601,,0,0,1,8
1,194,645818,,0,0,1,8
1,194,646001,,0,0,1,8
1,194,646039,,0,0,1,8
1,194,646105,,0,0,1,8
1,194,646348,,0,0,1,8
1,194,646552,,1,0,1,2
1,195,646721,,0,0,1,8
1,195,646881,,0,0,1,8
1,195,646971,,0,0,1,8
1,195,647007,,0,0,1,8
1,195,647160,,0,0,2,3
1,195,647169,,0,0,1,8
1,195,647269,,0,0,1,7
1,195,647340,,0,0,1,8
1,195,647326,,0,0,1,8
1,195,647379,,0,0,1,8
1,195,647368,,0,0,1,8
1,195,647521,,0,0,1,8
1,195,647566,,0,0,1,8
1,195,647831,,0,0,1,8
1,195,647876,,0,0,1,8
1,195,648097,,0,0,1,8
1,195,648100,,0,0,1,8
1,195,648127,,0,0,1,8
1,195,648164,,0,0,2,3
1,195,648206,,0,0,1,8
1,195,648235,,0,0,1,8
1,195,648407,,0,0,1,8
1,195,648625,,0,0,2,8
1,195,648833,,0,0,1,8
1,195,648907,,0,0,1,8
1,195,649163,,0,0,1,8
1,195,649450,,0,0,1,8
1,195,649509,,0,0,1,8
1,195,649624,,0,0,1,8
1,195,649935,,0,0,1,8
1,217,720027,,0,0,1,8
1,217,720210,,0,0,1,8
1,217,720244,,0,0,1,8
1,217,720250,,0,0,1,8
1,217,720392,,0,0,1,8
1,217,720509,,0,0,1,8
1,217,720557,,0,0,1,8
1,217,720993,,0,0,1,8
1,217,721022,,0,0,1,8
1,217,721058,,0,1,1,1
1,217,721075,,0,0,1,8
1,217,721090,,0,0,1,8
1,217,721428,,0,0,1,8
1,217,721617,,0,0,1,8
1,217,721611,,0,0,1,8
1,217,721619,,0,0,1,8
1,217,721713,,0,0,1,8
1,217,721710,,0,0,1,8
1,217,721771,,0,0,1,8
1,217,721756,,0,0,1,8
1,217,721971,,0,0,1,8
1,217,722079,,0,0,1,8
1,217,722309,,0,0,1,8
1,217,722451,,0,0,1,8
1,217,722602,,0,0,1,8
1,217,722603,,0,0,1,8
1,217,722637,,0,0,1,8
1,217,722671,,0,0,1,8
1,217,722667,,0,0,1,8
1,217,722773,,0,0,1,8
1,217,722824,,0,0,1,8
1,217,722952,,0,0,1,8
1,217,723017,,0,0,1,8
1,217,723008,,1,0,1,2
1,217,723055,,0,0,1,8
1,217,723232,,0,0,1,8
1,217,723256,,0,0,1,8
1,218,723534,,0,0,1,8
1,218,723531,,0,0,1,8
1,218,723583,,0,0,1,8
1,218,723642,,0,0,1,8
1,218,724114,,0,0,1,7
1,218,724533,,0,0,1,8
1,218,724672,,0,0,1,8
1,218,724699,,0,0,1,8
1,218,725200,,0,1,1,1
1,218,725198,,0,0,1,8
1,218,725538,,0,0,1,8
1,218,725740,,0,0,1,8
1,218,725838,,0,0,1,8
1,218,726069,,0,0,1,8
1,218,726145,,0,0,1,8
1,218,726130,,0,0,1,7
1,218,726225,,0,0,1,8
1,218,726221,,0,1,1,8
1,218,726287,,0,0,1,8
1,218,726482,,0,0,1,8
1,219,726622,,0,0,1,8
1,219,726953,,0,0,1,8
1,219,726985,,0,0,1,8
1,219,727145,,0,0,1,8
1,219,727211,,0,0,1,8
1,219,727261,,0,0,1,8
1,219,727394,,0,0,1,8
1,219,727433,,1,1,0,6
1,219,727417,,0,0,1,8
1,219,727449,,0,0,1,8
1,219,727528,,0,0,1,8
1,219,727713,,0,0,1,8
1,219,727781,,0,0,1,8
1,219,727821,,0,0,1,8
1,219,727845,,0,0,1,8
1,219,727995,,0,0,1,8
1,219,728077,,0,0,1,8
1,219,728135,,0,0,1,7
1,219,728159,,0,0,1,8
1,219,728110,,0,0,1,8
1,219,728415,,0,0,1,8
1,219,728421,,0,0,2,8
1,219,728460,,0,0,1,8
1,219,728522,,0,0,1,8
1,219,728625,,0,1,1,1
1,219,728675,,0,0,1,8
1,219,728702,,0,0,1,8
1,219,728766,,0,0,1,8
1,219,728771,,0,0,1,8
1,219,728843,,0,0,1,8
1,219,728857,,0,0,1,8
1,219,729020,,0,0,1,8
1,219,729310,,0,0,1,8
1,219,729520,,0,0,1,8
1,219,729816,,0,0,1,8
1,219,729905,,0,0,1,8
1,224,743315,,0,0,1,8
1,224,743513,,0,0,2,3
1,224,743602,,0,0,1,8
1,224,743729,,0,0,1,8
1,224,743784,,0,0,1,8
1,224,743880,,0,0,1,8
1,224,744133,,0,0,2,8
1,224,744407,,0,0,1,8
1,224,744530,,1,0,1,2
1,224,744568,,0,0,1,8
1,224,744680,,0,0,1,8
1,224,744997,,0,0,1,8
1,224,745011,,0,0,1,7
1,224,745205,,0,0,1,8
1,224,745450,,0,0,1,8
1,224,745462,,1,0,1,2
1,224,745621,,0,0,1,8
1,224,745829,,0,0,1,8
1,224,745831,,0,0,1,8
1,224,745857,,0,0,1,8
1,224,746082,,0,0,1,8
1,224,746271,,0,0,1,8
1,224,746265,,0,0,1,8
1,224,746342,,0,0,1,8
1,224,746413,,0,0,1,8
1,224,746447,,0,0,1,8
1,224,746503,,0,0,1,8
1,225,746631,,0,0,1,8
1,225,746696,,0,1,1,1
1,225,746820,,0,0,1,8
1,225,746854,,0,0,1,8
1,225,746874,,0,0,1,8
1,225,746951,,0,0,1,8
1,225,747053,,0,0,1,8
1,225,747204,,0,0,1,8
1,225,747198,,0,0,1,8
1,225,747213,,0,0,1,8
1,225,747259,,0,0,1,8
1,225,747392,,0,0,1,8
1,225,747430,,0,0,1,8
1,225,747493,,0,0,1,8
1,225,747601,,0,0,1,7
1,225,747677,,0,0,1,8
1,225,747666,,0,0,1,8
1,225,747865,,0,0,2,3
1,225,748423,,1,0,1,2
1,225,748517,,0,0,1,8
1,225,748548,,0,0,1,8
1,225,748581,,0,0,1,8
1,225,748618,,0,0,1,8
1,225,748638,,0,0,1,8
1,225,748816,,0,0,1,8
1,225,748848,,0,0,1,8
1,225,749011,,0,0,1,8
1,225,749064,,0,0,1,8
1,225,749350,,0,0,1,8
1,225,749738,,0,0,1,8
1,225,749915,,0,0,1,8
1,124,409983,,0,0,1,8
1,124,409963,,0,1,1,1
1,124,409967,,0,0,1,8
1,124,410090,,0,0,1,8
1,124,410135,,0,0,1,8
1,124,410367,,0,0,1,7
1,124,410434,,0,0,1,8
1,124,410531,,1,0,1,2
1,124,410894,,0,0,1,8
1,124,410904,,0,0,1,8
1,124,410908,,0,0,1,8
1,124,411003,,0,0,1,8
1,124,411501,,0,0,1,8
1,124,411843,,0,0,1,8
1,124,411952,,0,0,1,7
1,124,411990,,0,0,1,8
1,124,412254,,0,0,1,8
1,124,412263,,0,0,1,8
1,124,412380,,0,0,1,8
1,124,412515,,0,0,1,8
1,124,412627,,0,0,1,8
1,124,412744,,0,0,1,8
1,124,412804,,0,0,1,8
1,124,412825,,0,0,1,7
1,124,412894,,0,0,2,3
1,124,412961,,0,0,1,7
1,124,413045,,0,0,1,8
1,124,413163,,0,0,1,7
1,124,413255,,0,0,2,3
1,124,413279,,0,0,1,8
1,125,413419,,0,0,1,8
1,125,413362,,0,0,1,8
1,125,413548,,0,0,1,8
1,125,413616,,0,0,1,8
1,125,413755,,0,0,1,8
1,125,413825,,0,0,1,8
1,125,413939,,0,0,1,8
1,125,413947,,0,0,1,8
1,125,414018,,0,0,1,8
1,125,414064,,0,0,1,8
1,125,414090,,0,0,2,8
1,125,414339,,0,0,1,8
1,125,414389,,0,0,1,8
1,125,414544,,0,0,1,8
1,125,414559,,0,0,1,8
1,125,414601,,0,0,1,8
1,125,414635,,0,0,1,8
1,125,414718,,0,0,1,8
1,125,414873,,0,0,1,8
1,125,415094,,0,0,1,8
1,125,415108,,0,0,1,8
1,125,415277,,0,0,1,8
1,125,415315,,0,0,1,8
1,125,415264,,0,2,0,4
1,125,415318,,0,0,1,8
1,125,415358,,0,0,1,8
1,125,415534,,0,0,2,3
1,125,415700,,0,0,1,8
1,125,415985,,0,0,1,8
1,125,415995,,0,0,1,8
1,125,416062,,0,0,1,8
1,125,416191,,0,0,1,8
1,125,416339,,0,0,1,8
1,125,416438,,1,0,1,2
1,125,416463,,0,0,1,8
1,125,416490,,0,0,1,8
1,125,416492,,0,0,1,8
1,125,416563,,0,0,1,8
1,126,416657,,0,0,1,8
1,126,417024,,0,0,1,8
1,126,417045,,0,0,1,8
1,126,417212,,0,0,1,8
1,126,417357,,0,0,1,8
1,126,417386,,0,0,1,8
1,126,417519,,0,0,1,8
1,126,417620,,0,1,2,3
1,126,417658,,0,0,1,8
1,126,417726,,0,0,1,8
1,126,417878,,0,0,1,8
1,126,417922,,0,0,1,8
1,126,417949,,0,0,2,3
1,126,417997,,0,0,1,8
1,126,418114,,0,0,1,8
1,126,418232,,0,0,1,8
1,126,418317,,0,0,1,8
1,126,418358,,0,0,1,8
1,126,418371,,0,0,1,8
1,126,418607,,0,0,1,8
1,126,418655,,0,0,1,8
1,126,418695,,0,0,1,8
1,126,418716,,0,0,1,8
1,126,418987,,0,1,1,8
1,126,419246,,0,0,1,8
1,126,419537,,0,0,1,8
1,126,419597,,0,0,1,8
1,126,419552,,0,0,1,8
1,126,419830,,0,0,1,8
1,126,419827,,0,0,1,8
1,238,790012,,0,0,1,8
1,238,790087,,0,0,1,8
1,238,790098,,0,0,1,8
1,238,790198,,0,0,1,8
1,238,790195,,0,0,1,8
1,238,790444,,0,0,1,8
1,238,790585,,0,0,1,8
1,238,790886,,0,0,1,8
1,238,790901,,0,0,1,8
1,238,790915,,0,0,1,8
1,238,790916,,0,0,1,8
1,238,790940,,0,0,1,8
1,238,790944,,0,1,1,8
1,238,791277,,0,0,1,8
1,238,791388,,0,0,1,8
1,238,791480,,0,0,1,8
1,238,791517,,0,0,1,8
1,238,791620,,0,0,1,8
1,238,791998,,0,0,1,8
1,238,792243,,0,0,1,8
1,238,792260,,0,0,1,8
1,238,792302,,0,0,1,8
1,238,792321,,0,0,1,8
1,238,792340,,0,0,1,8
1,238,792431,,0,0,1,8
1,238,792604,,0,0,1,8
1,238,792602,,1,0,1,2
1,238,792990,,0,0,1,8
1,238,792982,,0,1,1,1
1,238,793071,,0,1,1,1
1,238,793099,,0,0,1,8
1,238,793155,,0,0,1,8
1,239,793288,,0,0,1,8
1,239,793315,,0,0,1,8
1,239,793375,,0,0,1,8
1,239,793511,,0,0,1,8
1,239,793695,,0,1,1,1
1,239,793709,,0,0,1,7
1,239,793777,,0,0,1,8
1,239,793817,,0,0,1,8
1,239,793857,,0,0,1,8
1,239,793860,,0,0,1,7
1,239,793842,,0,0,1,7
1,239,794139,,0,0,1,8
1,239,794209,,0,0,1,8
1,239,794547,,2,0,0,5
1,239,794660,,0,0,1,8
1,239,794680,,0,0,1,8
1,239,794717,,0,0,1,8
1,239,794783,,0,0,1,8
1,239,795003,,0,0,1,8
1,239,795072,,0,0,1,8
1,239,795257,,0,0,1,8
1,239,795491,,0,0,1,8
1,239,795616,,0,0,2,3
1,239,795637,,0,0,1,8
1,239,795690,,1,0,1,8
1,239,795933,,1,0,1,2
1,239,795941,,0,0,1,7
1,239,796015,,0,0,2,3
1,239,796076,,0,0,1,8
1,239,796378,,0,0,1,8
1,239,796435,,0,0,1,8
1,239,796468,,0,0,1,8
1,239,796541,,0,0,1,8
1,240,796712,,0,0,1,8
1,240,796850,,0,0,1,8
1,240,796913,,0,0,1,8
1,240,796916,,0,0,1,8
1,240,797092,,0,0,1,8
1,240,797158,,0,0,1,8
1,240,797398,,0,0,1,8
1,240,797412,,0,0,1,8
1,240,797667,,0,0,1,8
1,240,797762,,0,0,1,8
1,240,797823,,0,0,1,8
1,240,797879,,0,0,1,8
1,240,797939,,1,1,0,6
1,240,797980,,0,0,1,8
1,240,798168,,0,1,1,1
1,240,798226,,0,0,1,8
1,240,798267,,0,0,1,8
1,240,798637,,0,0,1,8
1,240,798685,,0,0,1,8
1,240,798765,,0,0,1,8
1,240,798832,,0,0,1,8
1,240,798994,,0,0,1,7
1,240,798978,,0,0,1,8
1,240,799021,,1,0,1,2
1,240,799057,,0,0,1,8
1,240,799263,,0,0,1,8
1,240,799292,,0,0,1,8
1,240,799287,,0,0,1,8
1,240,799442,,0,0,1,8
1,240,799704,,0,0,1,8
1,240,799803,,0,0,1,8
1,49,160236,,0,0,1,8
1,49,160304,,0,0,1,8
1,49,160345,,0,0,1,8
1,49,160458,,0,0,1,8
1,49,160575,,0,0,1,8
1,49,160988,,0,0,1,8
1,49,161181,,0,0,1,8
1,49,161329,,0,0,1,8
1,49,162065,,0,0,1,8
1,49,162623,,0,0,1,8
1,49,162828,,0,0,1,8
1,49,162982,,0,0,1,8
1,50,163596,,0,0,1,8
1,50,163616,,0,0,1,8
1,50,163733,,0,0,1,8
1,50,164085,,0,0,1,8
1,50,164228,,0,0,1,8
1,50,164222,,0,0,2,3
1,50,164319,,0,0,1,8
1,50,164327,,0,0,1,8
1,50,164453,,1,0,1,2
1,50,164620,,0,0,1,8
1,50,164813,,0,0,1,8
1,50,164862,,0,0,2,3
1,50,164903,,0,0,1,8
1,50,164913,,1,0,1,2
1,50,164914,,0,0,1,8
1,50,164928,,0,0,1,8
1,50,165179,,0,0,1,8
1,50,165216,,0,0,1,8
1,50,165290,,0,0,1,8
1,50,165433,,0,0,1,8
1,50,165565,,0,1,1,8
1,50,165679,,0,0,1,8
1,50,165668,,0,0,1,8
1,50,165793,,0,0,1,8
1,50,165838,,0,0,2,3
1,50,165840,,1,0,1,2
1,50,166043,,0,0,1,8
1,50,166352,,0,0,1,8
1,50,166423,,0,0,1,8
1,50,166525,,0,0,1,8
1,50,166536,,0,0,1,8
1,50,166560,,0,0,1,8
1,51,166665,,0,0,1,8
1,51,166707,,0,0,1,8
1,51,166847,,0,0,1,8
1,51,167090,,0,0,1,8
1,51,167153,,1,1,0,6
1,51,167295,,0,0,1,8
1,51,167374,,0,0,1,8
1,51,167434,,0,0,1,7
1,51,167511,,0,0,1,8
1,51,167568,,0,1,1,1
1,51,167936,,0,0,1,8
1,51,168049,,0,0,1,8
1,51,168221,,0,0,1,8
1,51,168245,,0,0,1,8
1,51,168309,,0,0,1,8
1,51,168385,,0,0,1,8
1,51,168623,,0,0,1,8
1,51,168755,,0,0,1,8
1,51,168788,,0,0,1,7
1,51,168800,,0,0,1,8
1,51,168817,,0,0,1,8
1,51,168992,,0,0,1,8
1,51,168993,,0,0,1,8
1,51,169117,,0,0,1,8
1,51,169327,,1,1,0,6
1,51,169529,,0,0,1,8
1,51,169667,,0,0,1,8
1,51,169668,,0,0,1,8
1,51,169701,,0,0,1,8
1,51,169731,,0,0,1,8
1,51,169841,,0,0,1,8
1,51,169865,,0,0,1,8
1,130,430020,,0,0,1,8
1,130,430074,,0,0,1,8
1,130,430110,,0,0,1,7
1,130,430273,,0,0,1,8
1,130,430295,,0,0,1,8
1,130,430425,,0,0,1,7
1,130,431166,,0,0,1,8
1,130,431173,,0,0,1,8
1,130,431191,,0,0,1,8
1,130,431223,,1,0,1,2
1,130,431252,,0,0,1,8
1,130,431391,,0,0,1,8
1,130,431395,,0,0,1,8
1,130,431449,,0,0,1,8
1,130,431511,,0,0,1,8
1,130,431552,,0,1,1,1
1,130,431657,,0,0,1,8
1,130,431805,,0,0,1,8
1,130,432075,,0,0,1,8
1,130,432355,,0,0,1,8
1,130,432541,,0,0,1,8
1,130,432588,,0,0,1,8
1,130,432741,,0,0,1,8
1,130,432956,,0,0,1,8
1,130,433236,,0,0,1,8
1,131,433307,,0,0,1,8
1,131,433358,,0,0,2,3
1,131,433389,,0,1,1,1
1,131,433469,,0,0,1,8
1,131,433689,,0,0,1,8
1,131,433704,,0,0,1,8
1,131,433788,,0,0,1,8
1,131,434033,,0,0,1,8
1,131,434422,,0,0,1,8
1,131,434562,,0,1,1,8
1,131,434887,,0,0,1,8
1,131,434935,,0,1,1,1
1,131,435046,,0,0,1,7
1,131,435122,,0,0,1,8
1,131,435082,,0,0,1,8
1,131,435113,,0,0,1,8
1,131,435381,,0,0,1,8
1,131,435446,,0,0,1,8
1,131,435469,,0,1,1,1
1,131,435497,,0,0,1,8
1,131,435685,,0,0,1,8
1,131,435854,,0,0,1,8
1,131,435828,,0,0,1,7
1,131,435985,,0,0,1,8
1,131,436070,,0,0,1,8
1,131,436159,,0,0,1,8
1,131,436260,,0,0,1,8
1,131,436331,,0,0,1,8
1,131,436357,,0,0,1,8
1,131,436406,,0,0,1,8
1,131,436437,,0,0,1,8
1,131,436486,,1,0,1,2
1,131,436613,,0,0,1,8
1,132,436645,,0,0,1,7
1,132,437095,,0,0,1,8
1,132,437105,,0,0,1,8
1,132,437210,,0,0,1,8
1,132,437376,,0,0,1,8
1,132,437449,,0,0,1,8
1,132,437521,,0,0,1,8
1,132,437540,,0,0,1,8
1,132,437622,,0,0,1,7
1,132,437863,,0,1,1,1
1,132,437930,,0,0,1,8
1,132,437985,,0,0,1,8
1,132,438087,,0,0,1,8
1,132,438195,,0,0,1,8
1,132,438231,,0,0,1,8
1,132,438256,,0,0,1,8
1,132,438490,,0,0,1,8
1,132,438534,,0,1,1,1
1,132,438553,,0,0,1,8
1,132,438591,,0,0,1,8
1,132,438721,,0,0,1,8
1,132,438830,,0,0,1,8
1,132,439087,,0,0,1,8
1,132,439143,,0,0,1,8
1,132,439307,,0,0,1,8
1,132,439487,,0,0,1,8
1,132,439544,,0,1,1,1
1,132,439844,,0,0,1,8
1,139,460071,,0,0,1,8
1,139,460182,,0,0,1,8
1,139,460211,,0,0,1,8
1,139,460384,,0,0,1,8
1,139,460468,,0,0,1,8
1,139,460464,,0,0,1,8
1,139,460668,,0,0,1,8
1,139,460660,,0,0,1,8
1,139,460711,,0,0,1,8
1,139,461066,,1,1,0,6
1,139,461243,,0,0,1,8
1,139,461380,,0,0,1,8
1,139,461384,,0,0,1,8
1,139,461469,,0,0,1,8
1,139,461572,,0,0,1,8
1,139,461721,,0,0,1,8
1,139,461767,,0,0,1,8
1,139,461841,,0,0,1,8
1,139,461904,,0,0,1,7
1,139,462095,,0,0,1,8
1,139,462140,,0,2,0,4
1,139,462188,,0,0,1,8
1,139,462322,,0,0,1,7
1,139,462448,,0,0,1,8
1,139,462495,,0,0,1,8
1,139,462745,,0,0,1,8
1,139,462821,,0,0,1,8
1,139,462817,,0,0,1,8
1,139,462997,,1,0,1,2
1,139,463133,,0,0,1,8
1,139,463174,,0,0,1,8
1,139,463173,,0,1,1,1
1,140,463360,,0,0,1,8
1,140,463585,,0,0,1,8
1,140,463894,,0,0,1,8
1,140,463933,,0,0,1,8
1,140,464021,,0,0,1,8
1,140,464128,,0,0,1,8
1,140,464223,,0,0,1,8
1,140,464294,,0,0,1,8
1,140,464359,,0,0,1,8
1,140,464482,,0,0,1,8
1,140,464516,,0,0,1,8
1,140,464620,,0,0,1,8
1,140,464820,,0,0,1,8
1,140,465016,,0,0,1,8
1,140,465081,,0,0,1,8
1,140,465286,,0,0,1,8
1,140,465351,,0,0,1,8
1,140,465432,,0,0,1,8
1,140,465481,,0,0,1,8
1,140,465550,,0,0,1,8
1,140,465692,,0,0,2,3
1,140,466239,,0,0,2,3
1,140,466594,,0,0,1,8
1,141,466686,,1,0,1,2
1,141,466719,,0,0,1,8
1,141,466720,,1,0,1,2
1,141,466755,,0,0,1,8
1,141,467221,,0,0,1,8
1,141,467328,,0,0,1,8
1,141,467384,,0,0,1,8
1,141,467549,,0,1,1,1
1,141,467607,,0,0,1,8
1,141,467576,,0,0,1,8
1,141,467600,,0,0,2,8
1,141,467712,,0,0,1,8
1,141,467899,,0,0,1,8
1,141,467863,,0,0,1,8
1,141,468267,,0,0,1,8
1,141,468288,,0,0,1,8
1,141,468389,,0,0,1,8
1,141,468589,,0,0,1,8
1,141,468684,,0,0,1,8
1,141,468744,,0,0,1,8
1,141,468827,,0,1,1,1
1,141,469001,,0,0,1,8
1,141,469066,,0,0,1,8
1,141,469079,,0,0,1,8
1,141,469220,,0,0,1,8
1,141,469382,,0,0,1,8
1,141,469370,,0,0,1,8
1,141,469436,,0,0,1,7
1,141,469487,,0,0,1,8
1,141,469478,,0,0,1,8
1,141,469576,,0,1,1,1
1,141,469609,,0,0,1,8
1,141,469558,,0,0,1,8
1,141,469633,,0,2,0,4
1,141,469713,,0,0,1,8
1,141,469718,,0,0,1,8
1,141,469779,,0,0,1,8
1,163,540032,,0,0,1,8
1,163,540161,,0,0,1,8
1,163,540304,,0,0,1,7
1,163,540324,,0,0,1,8
1,163,540538,,0,0,1,8
1,163,540617,,0,0,1,8
1,163,540631,,0,1,1,1
1,163,540772,,0,0,1,8
1,163,540889,,0,0,1,8
1,163,541165,,0,0,1,8
1,163,541265,,0,0,1,8
1,163,541311,,0,0,1,8
1,163,541297,,0,0,1,8
1,163,541301,,0,0,1,8
1,163,541644,,1,0,1,2
1,163,541710,,0,0,1,8
1,163,541924,,0,0,1,8
1,163,542192,,0,0,1,7
1,163,542601,,0,0,1,8
1,163,542692,,0,0,1,7
1,163,542703,,0,0,1,8
1,163,542910,,0,0,2,3
1,163,542934,,0,0,1,8
1,163,543042,,0,0,1,8
1,163,543205,,0,0,1,8
1,163,543243,,0,1,1,1
1,388,1289941,,0,0,1,8
1,388,1289945,,0,0,1,8
1,388,1289971,,0,0,1,8
1,388,1290470,,0,0,1,8
1,388,1290517,,0,0,1,8
1,388,1290589,,1,0,1,2
1,388,1290721,,0,0,1,8
1,388,1290812,,0,0,1,8
1,388,1290843,,0,0,1,8
1,388,1291128,,0,0,1,8
1,388,1291484,,0,0,1,8
1,388,1291900,,0,0,1,8
1,388,1292423,,0,0,1,8
1,388,1292631,,0,0,1,8
1,388,1292660,,0,0,1,8
1,388,1292659,,0,0,2,3
1,388,1292757,,0,0,1,8
1,388,1292879,,0,0,1,8
1,388,1292881,,0,0,1,8
1,388,1292914,,0,0,1,8
1,388,1293007,,0,0,1,8
1,388,1293071,,0,0,1,7
1,388,1293005,,0,0,1,8
1,388,1293126,,0,0,1,8
1,389,1293404,,0,0,1,8
1,389,1293412,,0,0,1,8
1,389,1293628,,0,0,1,8
1,389,1293644,,0,0,1,8
1,389,1293928,,0,0,1,8
1,389,1294093,,0,0,1,8
1,389,1294169,,0,0,1,8
1,389,1294520,,0,0,1,8
1,389,1294504,,0,0,1,8
1,389,1294556,,0,1,1,1
1,389,1294568,,0,0,1,8
1,389,1294599,,0,0,1,8
1,389,1294592,,0,0,1,8
1,389,1294736,,0,0,1,8
1,389,1294753,,0,0,1,8
1,389,1294864,,2,0,0,5
1,389,1294896,,0,0,1,8
1,389,1294984,,0,0,1,8
1,389,1295149,,0,0,1,8
1,389,1295340,,0,0,1,7
1,389,1295441,,0,0,1,8
1,389,1295460,,0,0,1,8
1,389,1295827,,0,0,1,8
1,389,1295912,,0,0,1,8
1,389,1296118,,0,0,1,8
1,389,1296293,,0,0,1,8
1,389,1296350,,0,0,1,8
1,389,1296339,,0,0,1,7
1,389,1296444,,0,0,1,8
1,390,1296582,,0,0,1,8
1,390,1296596,,0,0,1,8
1,390,1296570,,0,0,1,8
1,390,1296766,,0,0,1,8
1,390,1296912,,0,0,1,8
1,390,1296958,,0,0,1,8
1,390,1296949,,0,0,1,8
1,390,1296941,,0,0,1,8
1,390,1297144,,0,0,1,8
1,390,1297193,,0,0,1,8
1,390,1297217,,0,0,1,8
1,390,1297232,,0,0,1,8
1,390,1297715,,0,0,1,8
1,390,1297841,,0,0,1,8
1,390,1297896,,0,0,1,8
1,390,1297995,,0,0,1,8
1,390,1298115,,0,0,1,8
1,390,1298162,,0,0,1,8
1,390,1298407,,0,0,1,8
1,390,1298423,,0,0,1,8
1,390,1298630,,0,0,1,8
1,390,1298756,,0,0,1,8
1,390,1298888,,0,0,1,8
1,390,1299005,,0,0,1,8
1,390,1299039,,0,0,1,8
1,390,1299206,,0,2,0,4
1,390,1299356,,0,0,1,8
1,390,1299420,,0,0,2,3
1,390,1299543,,0,0,1,8
1,390,1299489,,0,0,1,8
1,390,1299622,,0,0,1,8
1,390,1299631,,0,0,1,8
1,390,1299599,,0,0,1,8
1,390,1299726,,0,0,1,8
1,390,1299732,,0,0,1,8
1,390,1299817,,0,0,1,8
1,454,1510165,,0,0,1,8
1,454,1510186,,0,0,1,8
1,454,1510268,,0,0,1,8
1,454,1510369,,0,0,1,8
1,454,1510444,,0,0,1,8
1,454,1510470,,0,0,1,8
1,454,1510512,,0,0,1,8
1,454,1510541,,0,0,1,8
1,454,1510659,,0,1,1,1
1,454,1511015,,0,0,1,8
1,454,1511042,,0,0,2,3
1,454,1511152,,0,0,1,8
1,454,1511183,,0,0,1,8
1,454,1511415,,0,0,1,8
1,454,1511492,,0,0,1,8
1,454,1511624,,1,0,1,8
1,454,1511696,,0,0,1,8
1,454,1511723,,0,0,1,8
1,454,1511802,,0,0,1,8
1,454,1511974,,0,0,1,8
1,454,1512066,,0,0,1,8
1,454,1512097,,0,0,1,8
1,454,1512364,,0,0,1,8
1,454,1512468,,0,0,1,8
1,454,1512548,,0,0,1,8
1,454,1512828,,0,0,1,8
1,455,1513206,,0,0,1,8
1,455,1513465,,0,0,1,8
1,455,1513627,,0,0,1,8
1,455,1513736,,0,0,1,8
1,455,1513871,,0,0,1,8
1,455,1513894,,0,0,1,8
1,455,1514029,,0,0,1,8
1,455,1514043,,0,0,1,8
1,455,1514170,,0,0,1,8
1,455,1514217,,0,0,1,8
1,455,1514320,,0,0,1,8
1,455,1514622,,0,0,1,8
1,455,1514769,,0,0,1,8
1,455,1514758,,0,0,1,8
1,455,1515065,,0,0,1,8
1,455,1515108,,0,0,1,8
1,455,1515159,,0,0,1,8
1,455,1515181,,0,0,1,8
1,455,1515296,,0,0,1,8
1,455,1515321,,0,0,1,8
1,455,1515388,,0,0,1,8
1,455,1515381,,0,0,1,8
1,455,1515406,,0,0,1,8
1,455,1515461,,0,0,1,8
1,455,1515454,,0,0,1,8
1,455,1515578,,0,2,0,4
1,455,1515871,,0,0,1,8
1,455,1515864,,0,0,1,8
1,455,1516068,,0,0,1,8
1,455,1516173,,0,0,2,3
1,455,1516218,,0,1,1,1
1,455,1516214,,0,1,1,1
1,463,1540125,,0,0,1,8
1,463,1540130,,0,0,1,8
1,463,1540159,,1,0,1,2
1,463,1540259,,0,0,1,8
1,463,1540381,,0,0,1,7
1,463,1540537,,0,0,1,7
1,463,1540715,,0,0,1,8
1,463,1540699,,0,0,1,8
1,463,1540719,,0,0,1,8
1,463,1540810,,0,0,1,8
1,463,1541055,,0,0,1,8
1,463,1541347,,0,0,1,8
1,463,1541402,,0,0,1,8
1,463,1541608,,1,0,1,2
1,463,1541670,,0,0,1,8
1,463,1541853,,0,0,1,8
1,463,1542113,,0,0,1,8
1,463,1542107,,0,0,1,7
1,463,1542496,,0,0,1,8
1,463,1542589,,0,0,1,8
1,463,1542659,,0,0,1,8
1,463,1542859,,0,0,1,8
1,463,1542924,,0,0,1,8
1,463,1542934,,0,0,1,8
1,464,1543212,,0,0,1,8
1,464,1543236,,0,0,1,8
1,464,1543252,,0,0,1,8
1,464,1543323,,0,0,1,8
1,464,1543362,,0,0,1,8
1,464,1543395,,0,0,1,8
1,464,1543554,,0,0,1,8
1,464,1543638,,0,0,1,8
1,464,1543759,,1,0,1,2
1,464,1543939,,0,0,1,8
1,464,1543995,,1,1,0,6
1,464,1544055,,0,0,1,8
1,464,1543984,,0,0,1,8
1,464,1544122,,0,0,1,8
1,464,1544177,,0,0,1,8
1,464,1544217,,1,0,1,8
1,464,1544335,,0,0,1,8
1,464,1544510,,0,1,1,1
1,464,1544726,,0,0,1,8
1,464,1544894,,0,0,1,8
1,464,1544895,,0,0,1,8
1,464,1544957,,0,0,1,8
1,464,1545030,,0,0,1,8
1,464,1545326,,0,1,1,1
1,464,1545347,,0,1,1,1
1,464,1545630,,0,0,1,8
1,464,1545810,,0,0,1,8
1,464,1545839,,0,0,1,8
1,464,1545971,,0,0,1,7
1,464,1546030,,0,0,1,8
1,464,1546041,,0,0,1,8
1,464,1546108,,0,0,1,8
1,464,1546323,,0,0,1,8
1,464,1546348,,0,0,1,8
1,464,1546400,,0,0,1,8
1,164,543303,,0,0,1,8
1,164,543507,,0,0,1,7
1,164,543502,,0,0,1,8
1,164,543860,,0,0,1,8
1,164,544031,,0,0,1,8
1,164,544202,,0,0,1,7
1,164,544241,,0,0,1,8
1,164,544525,,1,0,1,2
1,164,544594,,0,2,0,4
1,164,544621,,0,0,1,8
1,164,544838,,0,0,1,8
1,164,544903,,0,0,1,8
1,164,545206,,0,0,1,8
1,164,545197,,0,0,1,8
1,164,545394,,0,0,1,7
1,164,545779,,0,0,1,8
1,164,545898,,0,0,1,8
1,164,545952,,0,0,1,8
1,164,546103,,0,0,1,8
1,164,546258,,0,0,1,8
1,164,546259,,0,0,1,8
1,164,546353,,0,0,1,8
1,164,546455,,0,0,1,8
1,164,546418,,0,0,1,7
1,164,546494,,0,0,1,8
1,164,546522,,0,0,2,8
1,164,546554,,0,0,1,8
1,165,546728,,0,0,1,8
1,165,546939,,0,0,1,8
1,165,546982,,0,0,1,8
1,165,547022,,0,0,1,8
1,165,547322,,0,0,1,8
1,165,547381,,0,0,1,8
1,165,547480,,0,0,1,8
1,165,547465,,0,0,1,8
1,165,547715,,0,0,1,8
1,165,547749,,0,0,1,8
1,165,547790,,0,0,1,8
1,165,547947,,0,0,1,8
1,165,547973,,0,0,1,8
1,165,548318,,0,0,1,8
1,165,548324,,0,0,1,8
1,165,548431,,0,0,1,8
1,165,548559,,0,0,1,8
1,165,548627,,0,0,1,8
1,165,548718,,0,0,1,8
1,165,548889,,0,0,1,8
1,165,548921,,0,0,1,8
1,165,549068,,0,0,1,8
1,165,549192,,0,0,1,8
1,165,549202,,0,0,1,8
1,165,549321,,0,0,1,7
1,165,549328,,0,0,1,8
1,165,549542,,0,0,1,8
1,165,549573,,0,0,1,7
1,165,549795,,0,0,1,8
1,165,549798,,0,0,1,8
1,165,549866,,0,0,1,8
1,456,1516642,,0,0,1,8
1,456,1516677,,0,0,1,8
1,456,1516707,,0,0,1,8
1,456,1516701,,0,0,1,8
1,456,1516887,,0,0,1,8
1,456,1516912,,0,2,0,4
1,456,1517174,,0,0,1,8
1,456,1517315,,0,0,2,3
1,456,1517353,,0,0,1,8
1,456,1517331,,0,0,1,8
1,456,1517399,,0,0,1,8
1,456,1517493,,0,0,1,8
1,456,1517775,,0,0,1,8
1,456,1517837,,0,0,1,8
1,456,1517907,,1,0,1,2
1,456,1518077,,0,0,1,8
1,456,1518258,,0,0,1,8
1,456,1518421,,0,0,1,8
1,456,1518614,,0,0,1,8
1,456,1518648,,0,0,1,8
1,456,1518630,,0,0,1,8
1,456,1518719,,0,0,1,8
1,456,1518868,,0,0,1,8
1,456,1519201,,0,0,1,8
1,456,1519338,,0,0,1,8
1,456,1519604,,0,0,1,8
1,456,1519633,,0,0,1,8
1,456,1519782,,0,0,2,3
1,439,1459857,,0,0,1,7
1,439,1459896,,1,0,1,2
1,439,1460008,,0,0,1,8
1,439,1460297,,0,0,1,8
1,439,1460369,,0,0,1,7
1,439,1460408,,0,0,1,8
1,439,1460528,,0,0,1,8
1,439,1460762,,0,0,1,8
1,439,1460808,,0,0,1,8
1,439,1460877,,0,0,1,8
1,439,1461012,,0,0,1,8
1,439,1461185,,0,0,1,8
1,439,1461322,,0,0,1,8
1,439,1461328,,0,0,1,8
1,439,1461556,,0,0,1,8
1,439,1461602,,0,0,1,8
1,439,1461617,,0,0,1,8
1,439,1461651,,0,0,1,8
1,439,1461703,,0,0,1,8
1,439,1461739,,1,0,1,2
1,439,1461859,,0,0,1,8
1,439,1461885,,1,0,1,2
1,439,1461963,,0,0,1,8
1,439,1462030,,0,0,1,8
1,439,1462260,,0,0,1,8
1,439,1462424,,0,0,1,7
1,439,1462577,,0,0,1,8
1,439,1463039,,0,0,2,3
1,445,1479861,,0,0,1,8
1,445,1479946,,0,0,1,8
1,445,1480071,,0,0,1,8
1,445,1480202,,0,0,1,8
1,445,1480345,,0,0,1,8
1,445,1480433,,0,0,1,8
1,445,1480504,,0,0,1,8
1,445,1480550,,0,0,1,8
1,445,1480819,,0,0,1,8
1,445,1480839,,0,0,1,8
1,445,1481033,,0,1,1,1
1,445,1481357,,0,0,1,8
1,445,1481353,,0,0,1,8
1,445,1481396,,0,0,1,8
1,445,1481479,,0,0,1,8
1,445,1481521,,0,0,1,8
1,445,1481573,,0,0,1,8
1,445,1481693,,0,0,1,8
1,445,1481796,,0,0,1,8
1,445,1481913,,0,0,1,8
1,445,1482102,,0,0,1,8
1,445,1482150,,0,0,1,7
1,445,1482283,,1,0,1,2
1,445,1482280,,0,0,1,8
1,445,1482356,,0,0,1,8
1,445,1482470,,0,0,1,8
1,445,1482702,,0,0,1,8
1,445,1482777,,0,0,1,8
1,445,1482775,,0,0,1,8
1,445,1482991,,0,0,1,8
1,445,1483053,,0,0,1,8
1,446,1483331,,0,0,1,8
1,446,1483500,,0,0,1,8
1,446,1483632,,0,0,1,8
1,446,1483663,,2,0,0,5
1,446,1483639,,0,0,2,3
1,446,1483797,,0,0,1,8
1,446,1483839,,0,0,1,8
1,446,1484050,,0,0,1,8
1,446,1484126,,0,0,1,8
1,446,1484141,,0,0,1,8
1,446,1484139,,0,0,1,8
1,446,1484227,,0,0,1,7
1,446,1484285,,0,0,1,8
1,446,1484482,,0,0,1,8
1,446,1484470,,0,0,1,8
1,446,1484498,,0,0,1,8
1,446,1484630,,0,0,1,8
1,446,1484617,,0,0,1,8
1,446,1484679,,0,0,1,8
1,446,1484770,,0,0,1,8
1,446,1484875,,0,0,1,8
1,446,1485098,,0,0,1,8
1,446,1485079,,0,0,1,8
1,446,1485147,,0,0,1,8
1,446,1485757,,0,0,1,8
1,446,1485814,,0,1,1,1
1,446,1485862,,0,0,1,8
1,446,1486078,,0,0,1,8
1,446,1486145,,0,0,1,8
1,446,1486189,,0,0,1,8
1,446,1486357,,0,0,1,8
1,446,1486431,,0,0,1,8
1,447,1486584,,0,0,2,8
1,447,1486817,,0,0,1,8
1,447,1486875,,0,1,1,1
1,447,1487002,,0,0,1,8
1,447,1487074,,0,0,1,8
1,447,1487112,,0,0,1,8
1,447,1487130,,0,0,1,8
1,447,1487167,,1,0,1,2
1,447,1487436,,0,0,1,8
1,447,1487487,,0,0,1,8
1,447,1487526,,0,0,1,8
1,447,1487746,,0,0,1,8
1,447,1487902,,0,0,1,8
1,447,1487911,,0,0,1,8
1,447,1487980,,0,0,1,8
1,447,1488034,,0,0,1,8
1,447,1488137,,0,0,1,8
1,447,1488284,,0,0,1,8
1,447,1488341,,0,0,1,8
1,447,1488393,,0,0,1,8
1,447,1488538,,0,0,1,8
1,447,1488649,,0,0,1,8
1,447,1488704,,0,0,1,8
1,447,1488928,,0,0,1,8
1,447,1489083,,1,0,1,8
1,447,1489326,,0,0,1,8
1,447,1489462,,0,1,1,1
1,447,1489535,,0,0,1,8
1,447,1489611,,0,0,1,8
1,447,1489835,,0,0,1,8
1,465,1546720,,0,0,1,8
1,465,1546716,,0,0,1,8
1,465,1546747,,0,0,1,8
1,465,1546839,,0,0,1,8
1,465,1546896,,0,0,1,8
1,465,1547055,,0,0,1,8
1,465,1547037,,0,0,1,8
1,465,1547180,,0,0,1,8
1,465,1547181,,0,0,1,8
1,465,1547540,,0,0,1,8
1,465,1547724,,0,0,1,8
1,465,1547940,,0,0,1,8
1,465,1548022,,0,0,1,8
1,465,1548129,,0,0,1,8
1,465,1548663,,0,0,1,8
1,465,1548728,,0,0,1,8
1,465,1548866,,0,0,1,8
1,465,1548884,,0,0,1,8
1,465,1548969,,0,0,1,8
1,465,1549326,,0,0,1,8
1,465,1549607,,0,0,1,8
1,465,1549642,,0,0,1,8
1,465,1549714,,0,0,1,8
1,465,1549711,,0,0,1,8
1,466,1549857,,0,0,1,8
1,466,1549905,,0,0,1,8
1,466,1549955,,0,0,1,8
1,466,1549994,,0,1,1,1
1,466,1550022,,0,0,1,8
1,466,1550042,,0,0,1,8
1,466,1550134,,0,0,1,8
1,466,1550249,,0,0,1,8
1,466,1550355,,0,0,1,8
1,466,1550522,,0,0,1,8
1,466,1550493,,0,0,1,8
1,466,1550865,,0,0,1,7
1,466,1550907,,0,0,1,8
1,466,1550967,,0,0,1,8
1,466,1551477,,0,0,1,7
1,466,1551533,,0,0,1,8
1,466,1551661,,0,0,1,8
1,466,1552010,,0,0,1,8
1,466,1552055,,0,0,1,8
1,466,1552067,,0,0,1,8
1,466,1552138,,0,0,1,8
1,466,1552078,,0,0,1,8
1,466,1552283,,0,0,1,8
1,466,1552287,,0,0,1,8
1,466,1552569,,0,0,1,8
1,466,1552590,,0,0,1,8
1,466,1552704,,0,0,1,8
1,466,1552932,,0,0,1,8
1,466,1552974,,0,0,1,8
1,466,1553053,,0,0,1,8
1,466,1553096,,0,0,1,8
1,466,1553093,,0,0,1,8
1,467,1553191,,0,0,1,8
1,467,1553385,,0,0,1,8
1,467,1553429,,0,0,1,8
1,467,1553491,,0,1,1,1
1,467,1553484,,0,0,1,8
1,467,1553550,,0,0,1,8
1,467,1553653,,0,0,1,8
1,467,1553762,,0,0,1,8
1,467,1553827,,0,0,1,8
1,467,1554123,,0,0,1,8
1,467,1554306,,0,0,1,8
1,467,1554382,,0,0,1,8
1,467,1554364,,0,0,1,8
1,467,1554402,,0,0,1,8
1,467,1554529,,0,0,1,8
1,467,1554691,,0,0,1,8
1,467,1554723,,0,0,1,8
1,467,1554767,,0,0,1,8
1,467,1554829,,0,0,1,8
1,467,1555049,,0,1,1,1
1,467,1555163,,0,0,2,3
1,467,1555175,,0,1,1,8
1,467,1555293,,0,0,1,8
1,467,1555252,,0,0,2,8
1,467,1555276,,0,0,1,8
1,467,1556123,,0,0,1,8
1,467,1556332,,0,0,1,8
1,467,1556328,,0,0,1,8
1,468,1556899,,0,0,1,8
1,468,1556954,,0,0,1,8
1,468,1557021,,1,1,0,6
1,468,1557212,,0,0,1,8
1,468,1557461,,0,0,1,8
1,468,1557805,,0,0,1,8
1,468,1557803,,0,0,1,8
1,468,1557848,,0,0,2,8
1,468,1557902,,0,0,1,8
1,468,1557915,,0,0,1,8
1,468,1558058,,0,0,1,8
1,468,1558123,,0,0,1,8
1,468,1558442,,0,0,1,8
1,468,1558982,,2,0,0,5
1,468,1559196,,0,0,1,8
1,468,1559290,,0,0,1,8
1,468,1559324,,0,0,1,8
1,468,1559365,,0,0,1,8
1,468,1559529,,1,0,1,2
1,468,1559557,,0,0,1,8
1,468,1559693,,1,0,1,2
1,468,1559739,,0,0,1,8
1,468,1559686,,0,0,1,8
1,475,1579910,,0,0,1,8
1,475,1580113,,0,0,1,8
1,475,1580161,,0,0,1,8
1,475,1580366,,0,0,1,8
1,475,1580392,,0,0,1,8
1,475,1580549,,0,0,1,8
1,475,1580453,,0,0,1,8
1,475,1580601,,1,0,1,2
1,475,1580774,,0,0,1,8
1,475,1580765,,0,0,1,8
1,475,1580980,,0,0,1,8
1,475,1581161,,0,0,1,8
1,475,1581322,,0,0,1,8
1,475,1581348,,0,1,1,1
1,475,1581426,,0,0,1,8
1,475,1581714,,0,0,1,8
1,475,1582075,,0,0,1,8
1,475,1582137,,0,0,2,3
1,475,1582124,,0,0,1,8
1,475,1582164,,0,0,1,8
1,475,1582327,,0,0,1,8
1,475,1582411,,0,0,1,8
1,475,1582503,,0,0,1,8
1,475,1582528,,0,0,1,8
1,475,1582626,,0,0,1,7
1,475,1582715,,0,0,1,8
1,475,1582725,,0,0,1,8
1,475,1582868,,0,0,1,8
1,475,1583009,,0,0,1,8
1,106,349971,,0,0,1,8
1,106,350147,,0,0,1,8
1,106,350191,,0,0,1,8
1,106,350228,,0,0,1,8
1,106,350410,,0,0,1,8
1,106,350496,,0,0,1,8
1,106,350609,,0,0,1,8
1,106,350673,,0,0,1,8
1,106,350691,,0,0,1,8
1,106,350807,,0,0,1,8
1,106,350838,,0,0,1,8
1,106,351329,,0,0,1,8
1,106,351378,,0,0,1,8
1,106,351377,,0,0,1,8
1,106,351751,,0,0,1,8
1,106,352035,,0,0,1,8
1,106,352241,,0,0,1,7
1,106,352359,,0,0,1,8
1,106,352424,,0,0,1,8
1,106,352426,,0,0,1,8
1,106,352463,,0,0,1,8
1,106,352507,,0,0,1,8
1,106,352623,,0,0,1,8
1,106,352829,,0,1,1,1
1,106,352912,,0,0,1,8
1,106,352984,,0,0,1,8
1,106,353097,,0,0,1,7
1,106,353258,,0,0,1,8
1,107,353542,,0,0,2,8
1,107,353802,,0,0,2,3
1,107,353841,,0,0,1,8
1,107,353996,,0,0,1,8
1,107,354371,,0,0,1,8
1,107,354394,,0,0,1,8
1,107,354505,,1,0,1,8
1,107,354497,,0,0,1,8
1,107,354702,,0,0,1,8
1,107,354712,,0,0,1,8
1,107,354750,,0,0,1,8
1,107,354863,,0,0,1,8
1,107,354875,,0,0,1,8
1,107,355058,,0,0,2,3
1,107,355089,,0,0,1,8
1,107,355134,,0,0,1,8
1,107,355226,,0,0,1,8
1,107,355308,,0,0,1,8
1,107,355343,,0,0,1,8
1,107,355349,,0,0,1,8
1,107,355495,,0,0,1,8
1,107,355563,,0,0,1,8
1,107,355664,,0,0,1,8
1,107,355848,,0,0,1,8
1,107,355809,,0,0,1,8
1,107,355957,,0,0,1,8
1,107,356151,,0,0,1,7
1,107,356231,,0,0,1,8
1,107,356240,,0,0,1,8
1,107,356500,,0,0,1,8
1,107,356578,,0,0,1,8
1,108,356685,,0,0,1,8
1,108,356726,,0,0,1,8
1,108,356823,,0,0,1,8
1,108,356921,,0,0,1,8
1,108,356988,,0,0,1,8
1,108,357048,,0,0,1,8
1,108,357092,,0,0,1,8
1,108,357168,,0,0,1,8
1,108,357145,,0,0,1,8
1,108,357202,,0,0,1,7
1,108,357554,,0,0,1,7
1,108,357615,,0,0,1,8
1,108,357674,,0,0,1,8
1,108,357625,,0,0,1,8
1,108,357677,,0,0,1,8
1,108,357792,,0,0,1,8
1,108,357888,,1,1,0,6
1,108,357903,,0,0,1,8
1,108,357950,,1,0,1,2
1,108,357957,,0,0,1,8
1,108,358006,,0,0,1,8
1,108,358123,,0,0,1,8
1,108,358223,,0,0,1,8
1,108,358328,,0,0,1,8
1,108,358360,,0,0,1,8
1,108,358422,,0,0,1,8
1,108,358564,,0,0,1,8
1,108,358615,,0,0,1,8
1,108,358696,,0,0,1,8
1,108,358669,,0,1,1,1
1,108,358896,,0,0,1,8
1,108,359175,,0,0,1,8
1,108,359234,,0,0,1,8
1,108,359263,,0,0,1,8
1,108,359313,,0,0,1,8
1,108,359384,,0,0,1,8
1,108,359477,,0,0,1,8
1,108,359566,,0,0,1,8
1,108,359569,,0,0,1,8
1,108,359727,,0,0,1,8
1,108,359772,,0,0,1,8
1,108,359769,,0,0,1,7
1,108,359793,,0,0,1,8
1,109,360122,,0,0,1,8
1,109,360387,,0,0,1,7
1,109,360394,,0,0,1,8
1,109,360455,,0,0,1,8
1,109,360518,,0,0,1,8
1,109,360569,,0,0,1,8
1,109,360704,,0,0,1,8
1,109,360958,,0,0,1,8
1,109,360983,,0,0,1,8
1,109,361286,,0,0,1,8
1,109,361323,,0,0,1,8
1,109,361353,,0,0,1,8
1,109,361449,,0,0,1,8
1,109,361445,,0,0,1,8
1,109,361464,,0,0,1,8
1,109,361589,,0,0,1,8
1,109,361878,,0,0,1,8
1,109,361981,,0,0,1,8
1,109,362029,,0,0,1,8
1,109,362137,,0,0,1,8
1,109,362347,,0,0,1,8
1,109,362426,,0,0,2,3
1,109,362481,,0,0,1,8
1,109,362545,,0,0,1,8
1,109,362701,,0,0,1,8
1,109,362745,,0,0,1,8
1,109,362900,,0,0,1,8
1,109,362972,,0,0,1,8
1,109,363092,,1,0,1,2
1,109,363131,,0,0,1,8
1,109,363191,,0,0,1,7
1,110,363334,,0,0,1,8
1,110,363373,,0,0,1,8
1,110,363568,,0,0,1,8
1,110,363688,,0,0,1,8
1,110,363770,,0,0,1,8
1,110,363743,,0,0,1,7
1,110,363852,,0,0,1,8
1,110,363953,,0,0,1,8
1,110,363891,,0,0,1,7
1,110,364049,,0,0,1,8
1,110,364186,,0,0,1,8
1,110,364232,,0,0,1,8
1,110,364220,,0,0,1,8
1,110,364314,,0,0,1,8
1,110,364484,,0,0,1,8
1,110,364563,,0,0,1,8
1,110,364629,,0,0,1,8
1,110,364729,,0,0,1,8
1,110,364780,,0,0,1,8
1,110,364810,,0,0,1,8
1,110,364926,,0,0,1,8
1,110,364977,,0,0,1,8
1,110,365413,,0,1,1,1
1,110,365675,,0,0,1,8
1,110,365864,,0,0,2,3
1,110,365933,,0,0,1,8
1,110,365975,,0,0,1,8
1,110,366146,,0,0,1,8
1,110,366389,,0,0,1,8
1,110,366403,,0,0,1,8
1,110,366535,,0,0,2,3
1,111,366648,,0,0,1,8
1,111,366942,,0,0,1,8
1,111,367027,,0,0,2,3
1,111,367389,,0,0,1,8
1,111,367465,,0,0,1,8
1,111,367607,,0,0,1,8
1,111,367632,,0,0,1,8
1,111,367828,,0,0,1,8
1,111,367974,,0,0,1,8
1,111,367979,,0,0,1,8
1,111,368119,,0,0,1,8
1,111,368146,,0,0,1,8
1,111,368261,,0,0,1,8
1,111,368307,,0,0,1,8
1,111,368518,,0,0,1,8
1,111,368818,,0,0,2,3
1,111,368970,,0,0,1,8
1,111,369025,,0,0,1,8
1,111,369051,,0,0,1,7
1,111,369146,,0,0,1,8
1,111,369101,,0,0,1,8
1,111,369296,,0,0,1,8
1,111,369417,,1,1,0,6
1,111,369531,,0,0,1,8
1,111,369571,,0,0,1,8
1,111,369926,,0,0,1,8
